N d lb
1 2 2
2 3 3
3 4 4
4 5 5
5 6 6
6 7 7
7 8 8
8 9 9
9 10 10
10 11 11
11 12 12
12 13 13
13 14 14
14 15 15
15 16 16
16 14 13
17 15 14
18 16 15
19 17 16
20 18 17
21 19 18
22 20 19
23 21 20
24 22 21
25 23 22
26 24 23
27 25 24
28 26 25
29 27 26
30 28 27
31 29 28
32 33 29
33 31 30
34 32 31
35 33 32
36 34 33
37 35 34
38 36 35
39 37 36
40 38 37
41 39 38
42 40 39
43 41 40
44 42 41
45 43 42
46 44 43
47 45 44
48 45 45
49 48 46
50 48 47
51 49 48
52 50 49
53 51 50
54 52 51
55 53 52
56 54 53
57 55 54
58 56 55
59 57 56
60 58 57
61 59 58
62 60 59
63 61 60
64 59 55
65 60 56
66 61 57
67 62 58
68 63 59
69 64 60
70 65 61
71 66 62
72 67 63
73 68 64
74 69 65
75 70 66
76 71 67
77 72 68
78 73 69
79 74 70
80 81 71
81 76 72
82 77 73
83 78 74
84 79 75
85 80 76
86 81 77
87 82 78
88 83 79
89 84 80
90 85 81
91 86 82
92 87 83
93 88 84
94 89 85
95 90 86
96 88 87
97 95 88
98 93 89
99 94 90
100 95 91
101 96 92
102 97 93
103 98 94
104 99 95
105 100 96
106 101 97
107 102 98
108 103 99
109 104 100
110 105 101
111 106 102
112 107 103
113 108 104
114 109 105
115 110 106
116 111 107
117 112 108
118 113 109
119 114 110
120 115 111
121 116 112
122 117 113
123 118 114
124 119 115
125 120 116
126 121 117
127 122 118
128 126 119
129 124 120
130 125 121
131 126 122
132 127 123
133 128 124
134 129 125
135 130 126
136 131 127
137 132 128
138 133 129
139 134 130
140 135 131
141 136 132
142 137 133
143 138 134
144 136 135
145 143 136
146 141 137
147 142 138
148 143 139
149 144 140
150 145 141
151 146 142
152 147 143
153 148 144
154 149 145
155 150 146
156 151 147
157 152 148
158 153 149
159 154 150
160 155 151
161 156 152
162 157 153
163 158 154
164 159 155
165 160 156
166 161 157
167 162 158
168 163 159
169 164 160
170 165 161
171 166 162
172 167 163
173 168 164
174 169 165
175 170 166
176 171 167
177 172 168
178 173 169
179 174 170
180 175 171
181 176 172
182 177 173
183 178 174
184 179 175
185 180 176
186 181 177
187 182 178
188 183 179
189 184 180
190 185 181
191 186 182
192 186 183
193 189 184
194 189 185
195 190 186
196 191 187
197 192 188
198 193 189
199 194 190
200 195 191
201 196 192
202 197 193
203 198 194
204 199 195
205 200 196
206 201 197
207 202 198
208 203 199
209 204 200
210 205 201
211 206 202
212 207 203
213 208 204
214 209 205
215 210 206
216 211 207
217 212 208
218 213 209
219 214 210
220 215 211
221 216 212
222 217 213
223 218 214
224 219 215
225 220 216
226 221 217
227 222 218
228 223 219
229 224 220
230 225 221
231 226 222
232 227 223
233 228 224
234 229 225
235 230 226
236 231 227
237 232 228
238 233 229
239 234 230
240 235 231
241 236 232
242 237 233
243 238 234
244 239 235
245 240 236
246 241 237
247 242 238
248 243 239
249 244 240
250 245 241
251 246 242
252 247 243
253 248 244
254 249 245
255 250 246
256 248 239
257 249 240
258 250 241
259 251 242
260 252 243
261 253 244
262 254 245
263 255 246
264 256 247
265 257 248
266 258 249
267 259 250
268 260 251
269 261 252
270 262 253
271 263 254
272 270 255
273 265 256
274 266 257
275 267 258
276 268 259
277 269 260
278 270 261
279 271 262
280 272 263
281 273 264
282 274 265
283 275 266
284 276 267
285 277 268
286 278 269
287 279 270
288 277 271
289 284 272
290 282 273
291 283 274
292 284 275
293 285 276
294 286 277
295 287 278
296 288 279
297 289 280
298 290 281
299 291 282
300 292 283
