0000000010001110010000110111
0000000010011100100000110111
0000000011101100000100111001
0000000011101100001001110001
0000000100001110000001101111
0000000100011110000011101111
0000000100100110100000110111
0000000100101100100000110111
0000000100110010100000101111
0000000100110100100000101111
0000000100111100000011101111
0000000100111100000111001111
0000000100111100010001101111
0000000100111100100001101111
0000000100111100100011001111
0000000101111000010011011011
0000000110010011011000011111
0000000110010011101000011111
0000000110010110011000011111
0000000110010110101000011111
0000000110011001011000011111
0000000110011001100010011111
0000000110011001100100011111
0000000110011001101000011111
0000000110011010011000011111
0000000110011010101000011111
0000000110011100011000011111
0000000110011100101000011111
0000000110100110110000011111
0000000110101100000110011111
0000000110101100110000011111
0000000110101101010000011111
0000000110110101010000011111
0000000110110110010000111101
0000000110111001100011000111
0000000111000110001100111011
0000000111001000011010011111
0000000111001001001010011111
0000000111001010001010011111
0000000111001010001100011111
0000000111001100001010011111
0000000111001100001011001111
0000000111001100001100011111
0000000111010001001010011111
0000000111010010001010011111
0000000111010100001010011111
0000000111011000001001101001
0000000111011000001011001001
0000000111100100100010011111
0000000111100110001001111001
0000000111100110100001100111
0000000111100111000001111001
0000000111101000001001011001
0000000111101000001010011001
0000000111101001000100101111
0000000111101100000011100001
0000000111101100001001111001
0000000111101100010001111001
0000000111101110000001111001
0000000111101110000011110001
0000000111110000010101011011
0000000111110000010101101011
0000000111110000011001101011
0000000111110000011011001011
0000000111110000101001110011
0000000111110000101010110011
0000000111110000101011010011
0000000111110000101100110011
0000000111110000101110010011
0000000111110000110001110011
0000000111110000110010110011
0000000111110000110011010011
0000000111110000110100110011
0000000111110000110110010011
0000000111110001001100110011
0000000111110001100001100111
0000000111110001100010100111
0000000111110010001001001111
0000000111110010001100110011
0000000111110010100001010111
0000000111110010100001100111
0000000111110010100010010111
0000000111110010100010100111
0000000111110010100100010111
0000000111110010100100100111
0000000111110010110000100111
0000000111110011000001101011
0000001000011110000011011111
0000001000111001000011011111
0000001000111010000011011111
0000001000111010000101101111
0000001000111100000011011111
0000001000111100000011101111
0000001000111100000101101111
0000001000111100000110101111
0000001000111110000111011111
0000001001011100000011101111
0000001001011110100011101111
0000001001101100000110101111
0000001001111000001101011011
0000001001111000001110011101
0000001010101111000011110111
0000001010110101010000011111
0000001010111011000011101111
0000001010111101000011101111
0000001010111101000011110111
0000001011011100111000011111
0000001011100111000001111001
0000001011101011000011011111
0000001011101101000011011111
0000001011110000110001110011
0000001011110000110010110011
0000001011110000110011010011
0000001011111000011101100111
0000001011111001000011000111
0000001011111001000101000111
0000001011111001000110000111
0000001011111001001001000111
0000001011111001001010000111
0000001011111001001101001111
0000001100011100000011011111
0000001100101100110000011111
0000001100101100110000111101
0000001100110100110000111101
0000001100111000110000111101
0000001101101011000001111001
0000001101111000100010010111
0000001101111000100010100111
0000001101111010000011000111
0000001101111100000100001111
0000001101111100000101000111
0000001101111100000110000111
0000001101111100001000001111
0000001101111100001001000111
0000001101111100001010000111
0000001110000101000011111011
0000001110000101001001111101
0000001110000110000011111011
0000001110000110001001111101
0000001110001001000011111011
0000001110001001001001111101
0000001110001010000011111011
0000001110001010001001111101
0000001110001100000011111011
0000001110001100000101111011
0000001110001100001001111101
0000001110010100010001111011
0000001110011011100001111101
0000001110100100000011110111
0000001110100100010001111011
0000001110111100001011110101
0000001110111100001111010101
0000001111000001000011111011
0000001111000010000011111011
0000001111000100000011110111
0000001111000100000011111011
0000001111001011001001111101
0000001111010110000011011001
0000001111010110000011110001
0000001111011010000011110001
0000001111011010000101110001
0000001111011100001011110101
0000001111011100001101110101
0000001111011100010111101001
0000001111100000101010110101
0000001111100000110011010011
0000001111100001110011101101
0000001111101100000101110001
0000001111101100000111100001
0000001111101100001001110001
0000001111101100001011011101
0000001111101100001101011101
0000001111101110000111110001
0000010000111010000011011111
0000010000111010000101011111
0000010000111100000101011111
0000010000111100000110011111
0000010000111110101000001111
0000010001011100000110011111
0000010001101100000101011111
0000010001101100000110011111
0000010001110100000101011111
0000010001111000001110111111
0000010010101100000110011111
0000010011010110010000011111
0000010011110010100010111111
0000010011110100100010111111
0000010011110110001110111111
0000010011111000001100110011
0000010011111000011110111111
0000010011111000100001100111
0000010011111001000001101011
0000010011111010001110111111
0000010011111010001111011111
0000010011111100001110111111
0000010011111100001111011111
0000010011111100001111101111
0000010011111100011100111111
0000010011111100011101011111
0000010011111100011101101111
0000010011111100011110011111
0000010011111100011110101111
0000010101011101000011101111
0000010101111010001111011111
0000010101111100001000001111
0000010101111100001111011111
0000010101111100001111101111
0000010101111100100111011111
0000010101111101000111011111
0000010111000010000011111011
0000010111000100000111110101
0000010111111000011010011011
0000010111111000110010001111
0000010111111000111001111011
0000010111111000111010111011
0000010111111000111011011011
0000010111111000111100111011
0000010111111000111101011011
0000011001100110000011111001
0000011001100110001000011111
0000011001111100001111011111
0000011001111100010111011111
0000011001111100100111011111
0000011001111100101001111111
0000011001111100101011011111
0000011010011110110001111111
0000011010100100000111110011
0000011010110110110001111111
0000011010110111010001111111
0000011010111010110001111111
0000011010111011010001111111
0000011010111100110001111111
0000011010111101010001111111
0000011011000100000111110011
0000011011000100000111110101
0000011011001011000011111101
0000011011010111100011111101
0000011011011011100011111101
0000011011100110011001111111
0000011011100111100011111101
0000011011101011100011111101
0000011011101101100001111111
0000011011110011100011111101
0000011011111000110011110111
0000011011111001010011111011
0000011011111001100110011111
0000011100110000100011111001
0000011100111010110001111111
0000011100111100110001111111
0000011101000100000111110011
0000011101100110011001111111
0000011101111001100011111011
0000011110000100000111110011
0000011110000100000111110101
0000011110001000001111110111
0000011110001001100011111101
0000011110001100010010111111
0000011110010011011001111111
0000011110010110011001111111
0000011110011001011001111111
0000011110011010011001111111
0000011110011100011001111111
0000011110100011011001111111
0000011110100110011001111111
0000011110101001011001111111
0000011110101010011001111111
0000011110101100011001111111
0000011110101111000111111001
0000011110110111000111111001
0000011110111000010111010101
0000011110111001100110011111
0000011110111110000111110101
0000011110111110000111111001
0000011111000010001100110011
0000011111001001101001111111
0000011111001100101001111111
0000011111001100101100111111
0000011111001100110011101111
0000011111001100110011111011
0000011111001111000111111001
0000011111010100001011100001
0000011111010100101001111111
0000011111010101001001111111
0000011111010101001010111111
0000011111010111000111111001
0000011111011001010011011111
0000011111011010100111110011
0000011111011100010111110101
0000011111011100100111110011
0000011111011100100111110101
0000011111011101000111110011
0000011111011110000111110011
0000011111011110000111110101
0000011111011110000111111001
0000011111011110001011110101
0000011111011110001011111001
0000011111100110100110011111
0000011111100111000111111001
0000011111101000100101111001
0000011111101000101001111001
0000011111101001000110001111
0000011111101010010101011111
0000011111101110000111111001
0000011111101110001011111001
0000011111101110001101111001
0000011111101111000011111001
0000011111110000110110111011
0000011111110001010111101011
0000011111110001011011101011
0000011111110001011101101011
0000011111110001100111100111
0000011111110001100111101011
0000011111110001101011100111
0000011111110001101011101011
0000011111110001101101101011
0000011111110001101111001011
0000011111110010010101011111
0000011111110010100101011111
0000011111110010100110011111
0000011111110010100111110011
0000011111110010110010011111
0000011111110011000110101111
0000011111110011000111001111
0000011111110011001010101111
0000011111110011001011001111
0000011111110011001100101111
0000011111110011001100110111
0000011111110011001100111011
0000011111110011001101001111
0000011111110011010010101111
0000011111110011010011001111
0000011111110011011000101111
0000011111110011011001001111
0000100011101000010110111111
0000100011110010001010111111
0000100011110100001010111111
0000100011110100010101011111
0000100011111000011101111111
0000100011111100001101111111
0000100011111100001110111111
0000100011111100010110111111
0000100011111101010000101111
0000100011111101010100001111
0000100101111010001110111111
0000100101111100001110111111
0000100111011100001101111111
0000100111101100001101111111
0000100111111000101101110111
0000100111111000110101110111
0000100111111000111001111101
0000100111111000111101111111
0000101001111100001110111111
0000101001111100100110111111
0000101010111111000100001111
0000101011111100010000111101
0000101101110110100001111111
0000101110001000011111101101
0000101111000100001111110101
0000101111100111000111111001
0000101111101011001101111111
0000101111101101001101111111
0000101111110011000111001111
0000101111110011001011001111
0000101111110011010011001111
0000101111111001001001101111
0000110001111100001101111111
0000110010111100110001111111
0000110011101100001101111111
0000110111001100001111111011
0000110111100100001111111011
0000110111111001001010011111
0000110111111010001100011111
0000111011100100001111111011
0000111011101011000111111001
0000111011101101000111111001
0000111100110010110011111101
0000111100110100110011111101
0000111100111000110011111101
0000111101100100100111111101
0000111110001000011111110111
0000111110001100001111111011
0000111110001100010111111011
0000111110010100001111110111
0000111110010100100111111011
0000111110100100001111110111
0000111110101010001011110001
0000111111000100001111110111
0000111111000100001111111011
0000111111010100010011110001
0000111111011001001111100101
0000111111011010001111110001
0000111111011100010111101001
0000111111100011001111010011
0000111111101100101101111101
0000111111101100110101111101
0000111111101111000111111001
0001001111011000111011111111
0001001111101001101101111111
0001001111101100011011111111
0001001111101100101101111111
0001001111111000111001110011
0001100111001110001111111001
0001101111001000111111110111
0001101111100100011111111011
0001111111011010011011111001
0001111111011011001011111001
