000000000100011100100000110111
000000000100100111000000111011
000000000100101101000001110011
000000000100110011000001100111
000000000100110101000001100111
000000000100111000100000110111
000000000100111000100001100111
000000000100111001000000110111
000000000100111001000001100111
000000000100111001000001101011
000000000100111001000001110011
000000000100111001000011000111
000000000101100110000011001101
000000000110011100000100111001
000000000110011100000101101001
000000000110101010000001001111
000000000110101100000100111001
000000000110111000000111001001
000000000111000010010001001111
000000000111000100010001001111
000000000111000100100001001111
000000000111000100100010001111
000000000111000110000100111001
000000000111001000010001001111
000000000111001000100001001111
000000000111001000100010001111
000000000111001001000001001111
000000000111001001000010001111
000000000111001001000010010111
000000000111001001000100001111
000000000111001001000100010111
000000000111001001000100100111
000000000111001100000100111001
000000000111001100000101011001
000000000111001100000110011001
000000000111001100001000111001
000000000111010001000010010111
000000000111010001000100010111
000000000111010001000100100111
000000000111010010000010010111
000000000111010010000100010111
000000000111010010000100100111
000000000111011000000100111001
000000000111011000001000111001
000000000111011000001001110001
000000000111100001000100100111
000000000111100010000100100111
000000000111100010001000100111
000000000111100010001001000111
000000000111100100000010101011
000000000111100100000100100111
000000000111100100001000100111
000000000111100100001001000111
000000000111100100010000100111
000000000111100100010001000111
000000000111100100010010000111
000000001000101001100000111011
000000001000101100100000110111
000000001000110001100000101111
000000001000110001100000111011
000000001000110010100000101111
000000001000110100100000101111
000000001000111000000001101111
000000001000111000010000101111
000000001000111000100000101111
000000001000111000100000110111
000000001000111000100001010111
000000001000111000100001100111
000000001000111100000011101111
000000001000111100100001101111
000000001001001101000000110111
000000001001011001000000110111
000000001001100101000000101111
000000001001101001000000101111
000000001001101100000111001111
000000001001110100000111001111
000000001001111000000011101111
000000001001111000000111001111
000000001010111000001001110111
000000001011110000001100100011
000000001011110000010001000111
000000001011110000010011011011
000000001011110000100001000111
000000001011110000100010000111
000000001100010011000000111101
000000001100100110110000011111
000000001100100111010000011111
000000001100101100110000011111
000000001100101101010000011111
000000001100110010110000011111
000000001100110011010000011111
000000001100110100110000011111
000000001100110101010000011111
000000001100111000110000011111
000000001100111001010000011111
000000001101000110110000011111
000000001101001100110000011111
000000001101001101010000011111
000000001101001101100000011111
000000001101010010110000011111
000000001101010011010000011111
000000001101010100110000011111
000000001101010101010000011111
000000001101010110010000011111
000000001101011000000110011111
000000001101011000110000011111
000000001101011001010000011111
000000001101011001100000011111
000000001101011001100000111011
000000001101011010010000011111
000000001101011010100000011111
000000001101011010100000111011
000000001101100101010000011111
000000001101101001010000011111
000000001101101010010000011111
000000001101101010100000011111
000000001101101010100000110111
000000001101101100100000111101
000000001101110000010100111011
000000001101110000010101101011
000000001101110000011000110001
000000001101110000011001010001
000000001101110000011001101011
000000001101110010100000111011
000000001101110011000001100111
000000001101111000000010000111
000000001101111000000100000111
000000001101111000001000000111
000000001110000001000001111011
000000001110000010000001111011
000000001110000100000001111011
000000001110000100010000111101
000000001110001000000001111011
000000001110001000010000111101
000000001110001000100000111101
000000001110001010001100011111
000000001110001100001100011111
000000001110011000001100111011
000000001110011000010001110001
000000001110101000010001110001
000000001110110000001001101001
000000001110110000001011001001
000000001110110000010001110001
000000001110110000010011010001
000000001110110000010101011011
000000001110111001000001110101
000000001111001110000001111001
000000001111001110000010111001
000000001111001110000011011001
000000001111010000001001011001
000000001111010000001010011001
000000001111010000010001110001
000000001111010000010010110001
000000001111010000010100110001
000000001111010000011000110001
000000001111010000100001110001
000000001111011000010011110001
000000001111011100000001111001
000000001111011100000011110001
000000001111100000010101011011
000000001111100000010101101011
000000001111100000011001101011
000000001111100000011011001011
000000001111100000100101011011
000000001111100000100101101011
000000001111100000100110101011
000000001111100000101001011011
000000001111100000101001101011
000000001111100000101001110011
000000001111100000101010011011
000000001111100000101010101011
000000001111100000101010110011
000000001111100000101011001011
000000001111100000101011010011
000000001111100000101100101011
000000001111100000101100110011
000000001111100000101110010011
000000001111100000110001101011
000000001111100000110001110011
000000001111100000110010101011
000000001111100000110010110011
000000001111100000110011001011
000000001111100000110011010011
000000001111100000110100101011
000000001111100000110100110011
000000001111100000110110001011
000000001111100000110110010011
000000001111100011000011000111
000000001111100011000101000111
000000001111100110000001101011
000000010000111000000010101111
000000010000111000000011001111
000000010000111010000011011111
000000010000111100000011011111
000000010000111100000011101111
000000010000111100000101101111
000000010000111100000110101111
000000010001011100000011101111
000000010001101100000110101111
000000010001110010000011011111
000000010001110100000011011111
000000010001110100000101101111
000000010001110100000110101111
000000010001111000000011011111
000000010001111000000011101111
000000010001111000000101101111
000000010001111000000110101111
000000010001111000000111001111
000000010001111000001011001111
000000010001111000001011010111
000000010001111000001101001111
000000010001111000001101010111
000000010001111000001101011011
000000010010011100000011101111
000000010010101100000111001111
000000010010101111000011110111
000000010010101111000011111011
000000010010110100000111001111
000000010010110111000011111011
000000010010111000000011101111
000000010010111000000111001111
000000010010111011000011101111
000000010010111101000011101111
000000010010111101000011110111
000000010011001111000011110111
000000010011001111000011111011
000000010011010111000011111011
000000010011011000000110101111
000000010011011000001011001111
000000010011011000001101001111
000000010011011101000011110111
000000010011100111000011011111
000000010011100111000011111011
000000010011101000001110011101
000000010011101011000011011111
000000010011101101000011011111
000000010011110000001101011011
000000010011110000001110011101
000000010011110000010110011011
000000010011110000011010011011
000000010011110001000111011111
000000010011110001100011011111
000000010011110001111000011111
000000010011110010000111011111
000000010011110010001110011111
000000010011110010100011011111
000000010011110011000011011111
000000010011110011000011101111
000000010011110011000110011111
000000010011110011000110101111
000000010011110011000111001111
000000010011110100000111011111
000000010011110100001110011111
000000010011110100100011011111
000000010011110101000011011111
000000010011110101000011101111
000000010011110101000110011111
000000010011110101000110101111
000000010011110101000111001111
000000010011111000000111011111
000000010011111000001110011111
000000010011111000011100011111
000000010011111000011101100111
000000010011111000100011011111
000000010011111000111000011111
000000010011111001000011011111
000000010011111001000011101111
000000010011111001000011110111
000000010011111001000110011111
000000010011111001000110101111
000000010011111001000111001111
000000010100111011000011101111
000000010100111101000011101111
000000010100111101000011110111
000000010101010010110000011111
000000010101010011010000011111
000000010101010100110000011111
000000010101010101010000011111
000000010101010110010000011111
000000010101011000110000011111
000000010101011001010000011111
000000010101011010010000011111
000000010101011101000011110111
000000010101011110000011110111
000000010101100101010000011111
000000010101101001010000011111
000000010101101010010000011111
000000010101101010100000011111
000000010101110011000011101111
000000010101110101000011101111
000000010101110110000011101111
000000010101110110000111001111
000000010101110110000111010111
000000010101110110000111100111
000000010101111000000100000111
000000010101111000001000000111
000000010101111001000011101111
000000010101111001000011110111
000000010101111001000111001111
000000010101111010000011101111
000000010101111010000011110111
000000010101111010000111001111
000000010101111010000111010111
000000010101111010000111011011
000000010101111010000111100111
000000010101111010000111101011
000000010110001100001100011111
000000010110101110000110111011
000000010110110110011000011111
000000010110111001110000011111
000000010110111010000110111011
000000010110111010011000011111
000000010111001110000001111001
000000010111001110000010111001
000000010111001110000110111011
000000010111010110000011011111
000000010111011010000011011111
000000010111011010000110111011
000000010111011010000111011011
000000010111100000101001101011
000000010111100000110001110011
000000010111100000110010110011
000000010111100000110011010011
000000010111100000110100110011
000000010111100001100110110111
000000010111100110001100111101
000000010111110010000110111011
000000010111110010000111011011
000000011000011100000011011111
000000011000111000000011011111
000000011001011000110000011111
000000011001011001010000011111
000000011001011001100000011111
000000011001011001100000111101
000000011001100101100000111101
000000011001100111000100111111
000000011001101001010000011111
000000011001101001100000111101
000000011001110001100000111101
000000011001110001110000111111
000000011001111000010100111111
000000011001111000100100111111
000000011001111001000011101111
000000011001111001000100111111
000000011001111001000101101111
000000011001111001000111001111
000000011010110010100000111101
000000011010110011100000111111
000000011010111100001011110101
000000011011001011000001111001
000000011011001101000001111001
000000011011010110000001111001
000000011011010110000011110001
000000011011011100001001111101
000000011011011100001011011101
000000011011011100001011110101
000000011011101100001001111101
000000011011101100001011011101
000000011011101100001011101101
000000011011101100001110011101
000000011011101100001110101101
000000011011110010001001111011
000000011011110100000011000111
000000011011111000000100001111
000000011011111000000101000111
000000011011111000000110000111
000000011011111000011100111001
000000011011111000011101011001
000000011011111000011101101001
000000011011111000011110011001
000000011011111000011110101001
000000011100000010000011110101
000000011100000100000011110101
000000011100001000000011110011
000000011100001000000011110101
000000011100001100000011111011
000000011100001100001001011111
000000011100010100000011111011
000000011100011000000011111011
000000011100011000000101111011
000000011100011000001001011111
000000011100100100101100111111
000000011100101000101100111111
000000011100101000110100111111
000000011100110000101100111111
000000011100110000110100111111
000000011100110000111000111111
000000011100110000111001011111
000000011100110000111010011111
000000011100110011000110011111
000000011100110111000011111001
000000011100111001011000011111
000000011100111001100000111111
000000011100111001100001011111
000000011100111001100010011111
000000011100111001100100011111
000000011100111001101000011111
000000011100111100001011110101
000000011100111100001101110101
000000011101000100000011110111
000000011101000100101100111111
000000011101001000000011110111
000000011101001000101100111111
000000011101001000110100111111
000000011101010000101100111111
000000011101010000110100111111
000000011101010011000110011111
000000011101010110000011110001
000000011101011010000011110001
000000011101011100001011110101
000000011101011100001101110101
000000011101101100110000111101
000000011101111000000100001111
000000011101111000000100010111
000000011101111000001011110101
000000011101111000001111010101
000000011101111000010011110101
000000011101111000010011111001
000000011101111000010111010101
000000011101111000010111011001
000000011101111000010111100101
000000011101111000010111101001
000000011101111000011110011001
000000011101111000011110101001
000000011110000100000011110111
000000011110000100000011111011
000000011110000100110100111111
000000011110000110010100111111
000000011110001000000011110111
000000011110001000000011111011
000000011110001000110100111111
000000011110001001100100111111
000000011110001001100101011111
000000011110001010010100111111
000000011110001010100100111111
000000011110001010100101011111
000000011110001010100110011111
000000011110001100010100111111
000000011110001100010110011111
000000011110001100100100111111
000000011110001100100101011111
000000011110001100100110011111
000000011110010000110100111111
000000011110010001100100111111
000000011110010001100101011111
000000011110010001101000111111
000000011110010010010100111111
000000011110010010100100111111
000000011110010010100101011111
000000011110010010100110011111
000000011110010011000100111111
000000011110010011000101011111
000000011110010011000110011111
000000011110010011001000111111
000000011110010011001001011111
000000011110010011001010011111
000000011110010100010100111111
000000011110010100011000111111
000000011110010100100100111111
000000011110010100100101011111
000000011110010100100110011111
000000011110010100101000111111
000000011110010100101001011111
000000011110010101000100111111
000000011110010101000101011111
000000011110010101000110011111
000000011110010101001000111111
000000011110010101001001011111
000000011110010101001010011111
000000011110010101001100011111
000000011110010110000011011001
000000011110010110000011110001
000000011110011000010100111111
000000011110011000010110011111
000000011110011000011000111111
000000011110011000100100111111
000000011110011000100101011111
000000011110011000100110011111
000000011110011000101000111111
000000011110011000101001011111
000000011110011000101100011111
000000011110011001000100111111
000000011110011001000101011111
000000011110011001000110011111
000000011110011001001000111111
000000011110011001001001011111
000000011110011001001010011111
000000011110011001001100011111
000000011110011010000011011001
000000011110011010000011110001
000000011110011100000011101001
000000011110011100000011110001
000000011110011100000101101001
000000011110011100000110101001
000000011110011100001011110101
000000011110011100001101110101
000000011110011100010011110011
000000011110011100010011110101
000000011110011100010011111001
000000011110011100010101111001
000000011110011100011001111001
000000011110100010010100111111
000000011110100010100100111111
000000011110100010100101011111
000000011110100100010100111111
000000011110100100100100111111
000000011110100100100101011111
000000011110100100101000111111
000000011110100100101001011111
000000011110100101000100111111
000000011110100101000101011111
000000011110100101001000111111
000000011110100101001001011111
000000011110100101001010011111
000000011110100110001001101111
000000011110100110001010101111
000000011110100110001100101111
000000011110101000010100111111
000000011110101000100100111111
000000011110101000100101011111
000000011110101000101000111111
000000011110101000101001011111
000000011110101001000100111111
000000011110101001000101011111
000000011110101001001000111111
000000011110101001001001011111
000000011110101001001010011111
000000011110101010000100111111
000000011110101010000101011111
000000011110101010001000111111
000000011110101010001001011111
000000011110101010001001101111
000000011110101010001010011111
000000011110101010001010101111
000000011110101010001100101111
000000011110101100000011011001
000000011110101100000011110001
000000011110101100000101110001
000000011110101100000110110001
000000011110101100000111100001
000000011110101100010011111001
000000011110101100010101111001
000000011110101100011001111001
000000011110110001001001011111
000000011110110010001001011111
000000011110110010001001101111
000000011110110010001010101111
000000011110110010001100101111
000000011110110100000011110001
000000011110110100000101110001
000000011110110100000111100001
000000011110110100010011110011
000000011110111000000111001001
000000011110111000000111010001
000000011110111000000111100001
000000011110111000001011110101
000000011110111000001101110101
000000011110111000010011110011
000000011110111000010011110101
000000011110111000010011111001
000000011110111000010101110101
000000011110111000010101111001
000000011110111000010111100101
000000011110111000010111101001
000000011110111000011001110101
000000011110111000011001111001
000000011110111000011011100101
000000011110111000011011101001
000000011111000000101010110101
000000011111000000110011010011
000000011111000001001010110101
000000011111000001001011010101
000000011111000001001101010101
000000011111000001010010110011
000000011111000001010010110101
000000011111000001010011010011
000000011111000001010011010101
000000011111000001010100110101
000000011111000001010101010101
000000011111000001011001010101
000000011111000001100011010011
000000011111000001100011010101
000000011111000001100101010101
000000011111000001101001010101
000000011111000001110011101101
000000011111000010110011100111
000000011111000011001011101101
000000011111000011001101101101
000000011111000011010011100111
000000011111000011100011111001
000000011111000011110001111001
000000011111000100110011100111
000000011111000110000110001101
000000011111000110010011001111
000000011111000110010101001111
000000011111000110100011001111
000000011111000111000011111001
000000011111001000110011100111
000000011111001001000100111111
000000011111001010001010101111
000000011111001010010010101111
000000011111001010010011001111
000000011111001010010100101111
000000011111001010010101001111
000000011111001010011001001111
000000011111001011100001100111
000000011111001100010011001111
000000011111001100010011111001
000000011111001100010101001111
000000011111001100010101111001
000000011111001100011001001111
000000011111001100011001010111
000000011111001100011001100111
000000011111001100011001111001
000000011111001100100011001111
000000011111001100100101001111
000000011111001100100110001111
000000011111001100101001001111
000000011111001100101010001111
000000011111001101000011001111
000000011111001101000110001111
000000011111001110000011111001
000000011111001110000101111001
000000011111001110001001111001
000000011111010000110011100111
000000011111010010000011000111
000000011111010010000110000111
000000011111010010001001011111
000000011111010010001001101111
000000011111010010001010101111
000000011111010010010001101111
000000011111010010010010101111
000000011111010010010011001111
000000011111010010010100101111
000000011111010010010101001111
000000011111010010011001001111
000000011111010010100010101111
000000011111010010100011001111
000000011111010010100100101111
000000011111010010100101001111
000000011111010011100001100111
000000011111010100001010101111
000000011111010100010010101111
000000011111010100010011001111
000000011111010100010100101111
000000011111010100010101001111
000000011111010100011001001111
000000011111010100100010101111
000000011111010100100011001111
000000011111010100100100101111
000000011111010100100101001111
000000011111010100100110001111
000000011111010100101000101111
000000011111010100101001001111
000000011111010100101010001111
000000011111010100110001001111
000000011111010100110010001111
000000011111011000000101110001
000000011111011000000111000011
000000011111011000000111100001
000000011111011000001001110001
000000011111011000001011011101
000000011111011000001011100001
000000011111011000001101011101
000000011111011000010011111001
000000011111011000010101111001
000000011111011000010110111001
000000011111011000011001111001
000000011111011000011010111001
000000011111011000011100111001
000000011111011000100011111001
000000011111011000100101111001
000000011111011000101001111001
000000011111011000110001111001
000000011111011100000011111001
000000011111011100000101111001
000000011111011100001001111001
000000011111011100010001111001
000000011111100000110011100111
000000011111100000111001101011
000000011111100001110001110011
000000011111100010001010101111
000000011111100010010010101111
000000011111100010010011001111
000000011111100010010100101111
000000011111100010010101001111
000000011111100010011001001111
000000011111100010100010101111
000000011111100010100011001111
000000011111100010100100101111
000000011111100010100101001111
000000011111100010110001001111
000000011111100011000011001111
000000011111100011000101001111
000000011111100011100001100111
000000011111100100001010101111
000000011111100100010010011111
000000011111100100010010101111
000000011111100100010011001111
000000011111100100010011110011
000000011111100100010100101111
000000011111100100010101001111
000000011111100100011001001111
000000011111100100011100110011
000000011111100100100010101111
000000011111100100100011001111
000000011111100100100011110011
000000011111100100100100101111
000000011111100100100101001111
000000011111100100100110001111
000000011111100100101000101111
000000011111100100101001001111
000000011111100100101010001111
000000011111100100110001001111
000000011111100100110010001111
000000011111100101000010101111
000000011111100101000011001111
000000011111100101000011110011
000000011111100101000100101111
000000011111100101000101001111
000000011111100101000110001111
000000011111100101001000101111
000000011111100101001001001111
000000011111100101001010001111
000000011111100101001100001111
000000011111100101100001001111
000000011111100101100001010111
000000011111100101100001100111
000000011111100101100010001111
000000011111100101100010010111
000000011111100101100010100111
000000011111100101100100001111
000000011111100110100001010111
000000011111100110100001100111
000000011111100110100010010111
000000011111100110100010100111
000000011111100110100100010111
000000011111100110100100100111
000000100000111000000100101111
000000100000111100000011011111
000000100000111100000101011111
000000100000111101001000000111
000000100001101100000101011111
000000100001101100000110011111
000000100001110010000011011111
000000100001110100000011011111
000000100001110100000101011111
000000100001110100000101101111
000000100001110100000110011111
000000100001111000000101011111
000000100001111000000101101111
000000100001111000000110011111
000000100001111000000110101111
000000100001111000001001101111
000000100001111000001001110111
000000100001111000001010101111
000000100001111000001010110111
000000100001111000001010111011
000000100001111000001100101111
000000100001111000001100110111
000000100010101100000110011111
000000100010110100000110011111
000000100010111000000101101111
000000100010111000000110011111
000000100010111000000110101111
000000100010111000001100110111
000000100011001100000101011111
000000100011010100000101011111
000000100011010100000110011111
000000100011011000000101011111
000000100011011000000110011111
000000100011011000000110101111
000000100011011000001010101111
000000100011011000001100101111
000000100011100001000101011111
000000100011100010000101011111
000000100011100100000101011111
000000100011100100001010101111
000000100011101000000101011111
000000100011101000001010101111
000000100011101000001101011101
000000100011110000001011011011
000000100011110000001101011011
000000100011110000001101011101
000000100011110000001110111111
000000100011110000010101010111
000000100011110000010101011011
000000100011110000011001011011
000000100011110010000110111111
000000100011110010000111011111
000000100011110010001011011111
000000100011110100000110111111
000000100011110100000111011111
000000100011110100001011011111
000000100011110100001101011111
000000100011110100001110011111
000000100011110100010110011111
000000100011111000000110111111
000000100011111000000111011111
000000100011111000001011011111
000000100011111000001101011111
000000100011111000001110011111
000000100011111000010110011111
000000100011111000011010011111
000000100011111000011100011111
000000100011111000101100011111
000000100011111010100000010111
000000100011111010100010000111
000000100011111100001110111111
000000100011111100001111011111
000000100100111011000011011111
000000100100111101000011011111
000000100100111101000011101111
000000100101010100110000011111
000000100101010101010000011111
000000100101011000000110011111
000000100101011000110000011111
000000100101011001010000011111
000000100101011011000011101111
000000100101011101000011101111
000000100101011101000011110111
000000100101100101010000011111
000000100101100111000011011111
000000100101101001010000011111
000000100101101011000011011111
000000100101101101000011011111
000000100101101101000011110111
000000100101110011000011011111
000000100101110011000011101111
000000100101110101000011011111
000000100101110101000011101111
000000100101111000000111011111
000000100101111000001000000111
000000100101111000001110011111
000000100101111000100011011111
000000100101111001000011011111
000000100101111001000011101111
000000100101111001000011110111
000000100101111001000101101111
000000100101111001000110011111
000000100101111001000110101111
000000100101111100001111011111
000000100101111101000111011111
000000100110101100100000011111
000000100110111100001111101111
000000100111101100001110111111
000000100111110010000001101011
000000100111110100001110111111
000000100111110100001111011111
000000100111111000001110111111
000000100111111000001111011111
000000100111111000001111101111
000000100111111000011100111111
000000100111111000011101011111
000000100111111000011101101111
000000100111111000011110011111
000000100111111000011110101111
000000100111111001000111110111
000000101000011100000011011111
000000101000111000000110111101
000000101001101001010000011111
000000101001101010010000011111
000000101001110011000011011111
000000101001110101000011011111
000000101001111000000111011111
000000101001111000010011011111
000000101001111000100011011111
000000101001111001000011011111
000000101001111001000011101111
000000101001111001000101101111
000000101001111001000110101111
000000101001111100001111011111
000000101001111100100111011111
000000101001111101000111011111
000000101010111010000011101111
000000101010111100000111001111
000000101010111100001111101111
000000101010111110000010000111
000000101011110100001111011111
000000101011111000001000011101
000000101011111000001111011111
000000101011111000001111101111
000000101011111000010000011101
000000101011111000011110011111
000000101011111000011110101111
000000101011111000100000011101
000000101011111000100111110111
000000101011111000110010001111
000000101011111001000111110111
000000101011111010000111110111
000000101100111001011000011111
000000101101101100000011100011
000000101101111000011100111111
000000101110000010000111110101
000000101110000100000011111011
000000101110000100000111110101
000000101110001000000111110101
000000101110101100000011110001
000000101110101100000101110001
000000101110111000011001110011
000000101110111000011011010011
000000101110111000011100111111
000000101110111000011101011111
000000101111010010000011000111
000000101111010010000110000111
000000101111011000000110100011
000000101111011000000111000011
000000101111011000000111000101
000000101111011000110010001111
000000101111100001110001110011
000000101111100010000110000111
000000101111100010001010000111
000000101111100010100011001111
000000101111100100100011001111
000000101111100100100101001111
000000101111100100110010001111
000000101111101000000110000111
000000101111101000000111000011
000000101111101000110010001111
000000101111101001000110001111
000000101111101001001010001111
000000101111110000011010011011
000000101111110000110010001111
000000101111110000110011100011
000000101111110000110101100011
000000101111110000110110100011
000000101111110000111001110111
000000101111110000111001111011
000000101111110000111010110111
000000101111110000111010111011
000000101111110000111011001111
000000101111110000111011010111
000000101111110000111011011011
000000101111110000111011100111
000000101111110000111100111011
000000101111110000111101011011
000000101111110000111101100111
000000101111110001000110001111
000000101111110001001010001111
000000101111110001010010001111
000000101111110001100010001111
000000101111110001100100001111
000000101111110001100100011011
000000101111110010000110001111
000000101111110010001010001111
000000101111110010001100001111
000000101111110010010010001111
000000101111110010010100001111
000000101111110010011010011111
000000101111110010011101100111
000000101111110011100011001111
000000101111110011100101001111
000000101111110011101001001111
000000110000111000000110111101
000000110001011000000110111101
000000110001011000110000011111
000000110001011011000011111101
000000110001101011000011111101
000000110001110000001101101101
000000110001110011000011111101
000000110001111000000110111111
000000110001111000000111011111
000000110001111000001011011111
000000110001111000010010111111
000000110001111000010011011111
000000110001111000100010111111
000000110001111000100011011111
000000110010110110000111011101
000000110010110110110001111111
000000110010110111010001111111
000000110010111010110001111111
000000110010111011010001111111
000000110010111100110001111111
000000110010111101010001111111
000000110011100011100001111101
000000110011100110000111011101
000000110011111000001111011111
000000110011111000010111011111
000000110011111000101011110111
000000110100110111100001111111
000000110100111010110001111111
000000110100111011010001111111
000000110100111011100001111111
000000110100111100110001111111
000000110100111101010001111111
000000110100111101100001111111
000000110101001000000111110011
000000110101100111100001111111
000000110101101011100001111111
000000110101101101100001111111
000000110101101110100001111111
000000110101110011100001111111
000000110101110101100001111111
000000110101110110100001111111
000000110101111000011001111111
000000110101111001100001111111
000000110101111001100011111011
000000110101111010100001111111
000000110101111010100011111011
000000110110001000000111101011
000000110110001000000111110011
000000110110001000000111110101
000000110110001001100011111101
000000110110010110000011111101
000000110110011011100001111111
000000110110011101100001111111
000000110110100110000011110001
000000110110101010000011110001
000000110110101011100001111111
000000110110101100000011110001
000000110110101101100001111111
000000110110101110100001111111
000000110110101111000011111101
000000110110110011100001111111
000000110110110100000011110001
000000110110110101100001111111
000000110110110110100001111111
000000110110110111000011111101
000000110110111000011001111111
000000110110111001100001111111
000000110110111010100001111111
000000110111000001000111111011
000000110111000110011001111111
000000110111001101100001111111
000000110111001111000011111101
000000110111010100000111100001
000000110111010101100001111111
000000110111010110100001111111
000000110111010111000011111101
000000110111011000011001111111
000000110111011001100001111111
000000110111011010100001111111
000000110111011011000001111111
000000110111011011000011011111
000000110111100001000100100111
000000110111100010000100100111
000000110111100100000110000111
000000110111100111000011111101
000000110111101010100001111111
000000110111110000100100101111
000000110111110000100101001111
000000110111110000101001001111
000000110111110000110011110111
000000110111110001000100101111
000000110111110001000101001111
000000110111110001000110001111
000000110111110001001000101111
000000110111110001001001001111
000000110111110001001010001111
000000110111110001010001001111
000000110111110001010010001111
000000110111110001010111101011
000000110111110001100110011111
000000110111110001100111100111
000000110111110001100111101011
000000110111110010000101001111
000000110111110010000110001111
000000110111110010001001001111
000000110111110010001010001111
000000110111110010010001001111
000000110111110010010010001111
000000110111110010100110011111
000000110111110011000011110111
000000110111110011000110011111
000000110111110011000110101111
000000110111110011000111001111
000000110111110100000110001111
000000110111110100001010001111
000000110111110100010010001111
000000110111111000001000011111
000000110111111000001010001111
000000110111111000001100001111
000000110111111000010000011111
000000110111111000010010001111
000000110111111000010100001111
000000110111111000100000111011
000000111000001000000111101001
000000111000010000011111010101
000000111000010001010111110001
000000111000010100000011111011
000000111000010100010001111101
000000111000011000001001111011
000000111000011000010001111101
000000111000011000010010111101
000000111000110000010010111101
000000111000111100110001111111
000000111001001000010001111011
000000111001001000100001111011
000000111001101110010011111101
000000111001101111000011111101
000000111001110101100001111111
000000111001110111000011111101
000000111001111001100001111111
000000111001111001100011111011
000000111010001000000111101011
000000111010001000000111101101
000000111010001000000111110011
000000111010010001000111110111
000000111010011101100001111111
000000111010101010000011110001
000000111010110101100001111111
000000111010110110100001111111
000000111010110111000011111101
000000111010111001100001111111
000000111010111010100001111111
000000111011001100000111010001
000000111011001100000111100001
000000111011001101100001111111
000000111011010100000111100001
000000111011010101100001111111
000000111011010110100001111111
000000111011010111000011111101
000000111011011001100001111111
000000111011011010100001111111
000000111011100100000111100001
000000111011100111000011111101
000000111011101010100001111111
000000111011110000100111101001
000000111011110000101101101001
000000111011110000101110101001
000000111011110000110011111011
000000111011110011000011111011
000000111011110101000111110011
000000111011111000001000011111
000000111011111000001000101111
000000111011111000001001001111
000000111011111000001010001111
000000111011111000010000011111
000000111011111000010000101111
000000111011111000010001001111
000000111011111000010010001111
000000111011111000010111110101
000000111011111000100010010111
000000111011111000100111110101
000000111011111000100111111001
000000111011111001000111110101
000000111011111100000100001111
000000111100000100000011111011
000000111100001000000111101011
000000111100001000000111101101
000000111100001000000111110011
000000111100001000000111110101
000000111100001000001111110111
000000111100001001100011111101
000000111100001010000111111011
000000111100001010010011111101
000000111100001100000111111011
000000111100001100010011111101
000000111100010000001111110111
000000111100010001100011111101
000000111100010010000111110111
000000111100010010000111111011
000000111100010010001011111011
000000111100010010010011111011
000000111100010010010011111101
000000111100010010100011111011
000000111100010010100011111101
000000111100010011000011111101
000000111100010011000101111101
000000111100010011000110111101
000000111100010011000111110101
000000111100010011001001111101
000000111100010100000111110111
000000111100010100000111111011
000000111100010100001011111011
000000111100010100010011111011
000000111100010100010011111101
000000111100010100100011111011
000000111100010100100011111101
000000111100010100100101111101
000000111100011000000111110111
000000111100011000000111111011
000000111100011000001011111011
000000111100011000010011111011
000000111100011000010011111101
000000111100011000100011111011
000000111100011000100011111101
000000111100011000100101111101
000000111100011100011001111111
000000111100100010000111110111
000000111100100010010011111011
000000111100100010100011111011
000000111100100100000111110111
000000111100100100010011111011
000000111100100100100011111011
000000111100100101000011111011
000000111100100101110011111101
000000111100101000000111110111
000000111100101000010011111011
000000111100101000100011111011
000000111100101001000011111011
000000111100101001001001111101
000000111100101001110011111101
000000111100110001001001111101
000000111100110001010001111101
000000111100110001110011111101
000000111100110111000011111101
000000111100111000001111010101
000000111100111000110011111011
000000111101000010000111110111
000000111101000100000111110111
000000111101000100100011111011
000000111101001000000111110111
000000111101001000100011111011
000000111101001001000011111011
000000111101001100000110110001
000000111101001100000111100001
000000111101010100000101110001
000000111101010100000110110001
000000111101010100000111100001
000000111101010100001001110001
000000111101011000100111100101
000000111101011000100111101001
000000111101011000110011111011
000000111101011110000111110101
000000111101011110000111111001
000000111101100100000111100001
000000111101101000001011100001
000000111101101000100111100101
000000111101101000100111101001
000000111101101110000111111001
000000111101110000010111010101
000000111101110000100111100101
000000111101110000100111101001
000000111101110000101011101001
000000111101110000101110101001
000000111101110000101111001001
000000111101110000110011101001
000000111101110000110110101001
000000111101111100000111110101
000000111101111100000111111001
000000111101111100001111010101
000000111101111100001111011001
000000111110000010000111110111
000000111110000010000111111011
000000111110000010010101100101
000000111110000010100101100101
000000111110000010100101101001
000000111110000010100110101001
000000111110000010101001101001
000000111110000010101010101001
000000111110000011000110100011
000000111110000011000110101001
000000111110000011001010101001
000000111110000100000111110111
000000111110000100000111111011
000000111110000110100111001101
000000111110001000000111110111
000000111110001000000111111011
000000111110001100101001111111
000000111110001101000111110001
000000111110001110000111110001
000000111110010110000111110001
000000111110010110010011111101
000000111110011000001010110001
000000111110011000001011010001
000000111110011000001011100001
000000111110011000001101010001
000000111110011000001101100001
000000111110011000100111101001
000000111110011000110001111111
000000111110011000110011111011
000000111110011001010011111011
000000111110011001100011111011
000000111110011010000111110001
000000111110011010001011110001
000000111110011100000111101001
000000111110011100000111110001
000000111110011100001011110001
000000111110011110000111110101
000000111110011110000111111001
000000111110101000001001110001
000000111110101000001010110001
000000111110101000001011100001
000000111110101000001100110001
000000111110101000001101100001
000000111110101000001111000001
000000111110101000010001110001
000000111110101000100001110001
000000111110101100000111110001
000000111110101100001011110001
000000111110101110000111011101
000000111110101110000111111001
000000111110110000010011100001
000000111110110000100111100101
000000111110110000100111101001
000000111110110000101011100101
000000111110110000101011101001
000000111110110000101101101001
000000111110110000101111001001
000000111110110000110011100101
000000111110110000110011101001
000000111110110000110101101001
000000111110110000110110111011
000000111110110000110111001001
000000111110110000111001101001
000000111110110001000111100011
000000111110110001000111100101
000000111110110001000111101001
000000111110110010000111100011
000000111110110010000111100101
000000111110110100000111100011
000000111110110100000111110001
000000111110110100001011110001
000000111110110100010011110001
000000111110111000001011110001
000000111110111000010011110001
000000111110111000101111100101
000000111110111000101111101001
000000111110111001001111100101
000000111110111010000111110011
000000111110111100000111110011
000000111110111100000111110101
000000111110111100000111111001
000000111110111100001011110101
000000111110111100001011111001
000000111110111100001111100101
000000111110111100001111101001
000000111110111100001111110001
000000111111001110000111011101
000000111111001110000111101101
000000111111001110000111111001
000000111111010001000111100011
000000111111010010000111100011
000000111111011000001011110001
000000111111011000010011110001
000000111111011100000111111001
000000111111011100001011111001
000000111111011100001101111001
000000111111011100001111110001
000000111111100000110110111011
000000111111100001010101110111
000000111111100001010101111011
000000111111100001010110110111
000000111111100001010110111011
000000111111100001010111010111
000000111111100001010111011011
000000111111100001010111101011
000000111111100001011010110111
000000111111100001011010111011
000000111111100001011011010111
000000111111100001011011011011
000000111111100001011011101011
000000111111100001011101011011
000000111111100001011101101011
000000111111100001100110110111
000000111111100001100110111011
000000111111100001100111010111
000000111111100001100111011011
000000111111100001100111100111
000000111111100001100111101011
000000111111100001101010110111
000000111111100001101010111011
000000111111100001101011010111
000000111111100001101011011011
000000111111100001101011100111
000000111111100001101011101011
000000111111100001101100110111
000000111111100001101100111011
000000111111100001101101011011
000000111111100001101101101011
000000111111100001101110010111
000000111111100001101110011011
000000111111100001101111001011
000000111111100001110011011011
000000111111100001110011101011
000000111111100001110101011011
000000111111100001110101101011
000000111111100001110110011011
000000111111100001110111001011
000000111111100001111001101011
000000111111100001111011001011
000000111111100010101111001011
000000111111100010101111010011
000000111111100010110111001011
000000111111100010110111010011
000000111111100010111011010011
000000111111100011000110011111
000000111111100011001111000111
000000111111100011001111001011
000000111111100011001111010011
000000111111100011010111001011
000000111111100011010111010011
000000111111100011011011010011
000000111111100101001100011111
000000111111100110000110111011
000000111111100110000111011011
000000111111100110000111101011
000000111111100110001110001111
000000111111100110011000111011
000001000011100010000101011111
000001000011100100000101011111
000001000011100100001001011111
000001000011100100001010011111
000001000011101000001001011111
000001000011101000001010011111
000001000011110000010110111111
000001000011110000011010111111
000001000011110100000110111111
000001000011110100000111011111
000001000011110100001010111111
000001000011110100001011011111
000001000011110100010011011111
000001000011111000001010111111
000001000011111000001011011111
000001000011111000001100111111
000001000011111000001101011111
000001000011111000001110011111
000001000011111000010011011111
000001000011111000010101011111
000001000011111000010110011111
000001000011111001010000010111
000001000011111010010000010111
000001000011111010010000100111
000001000011111010100000100111
000001000011111011010000011111
000001000011111101010000011111
000001000011111101010100001111
000001000011111101100100001111
000001000101111000001011011111
000001000101111000001100111111
000001000101111000001101011111
000001000101111000001110011111
000001000101111000010110011111
000001000110110000011010111111
000001000111010000010110111111
000001000111010000011010111111
000001000111011100001101111111
000001000111101100001101111111
000001000111101100001110111111
000001000111110100001101111111
000001000111110100001110111111
000001000111110100001111011111
000001000111110110100000110111
000001000111111000001101111111
000001000111111000001110111111
000001000111111000001111011111
000001000111111000001111101111
000001000111111000010110111111
000001000111111000010111011111
000001000111111000010111101111
000001000111111000011010111111
000001000111111000011011011111
000001000111111000011011101111
000001000111111000011100111111
000001000111111000011101011111
000001000111111000011101101111
000001000111111000101101110111
000001000111111010100000101111
000001000111111010100000110111
000001000111111010100000111011
000001001001110011000011011111
000001001001110101000011011111
000001001001111000001011011111
000001001001111000001101011111
000001001001111000001110011111
000001001001111000100011011111
000001001001111001000011011111
000001001001111001000101011111
000001001001111001000110011111
000001001011101100001110111111
000001001011110100001110111111
000001001011110100001111011111
000001001011111000001110111111
000001001011111000001111011111
000001001011111000001111101111
000001001011111000010000011101
000001001011111000010111011111
000001001011111000010111101111
000001001011111000011000111011
000001001011111000011011011111
000001001011111000011011101111
000001001011111000011100111111
000001001011111000011101011111
000001001011111000011101101111
000001001011111001000111110111
000001001101110100001111011111
000001001101111000001111011111
000001001101111000010111101111
000001001101111000011010111111
000001001101111000011011101111
000001001101111000011100111111
000001001101111000011101011111
000001001101111000011101101111
000001001110000100000111110101
000001001110011100001101111111
000001001110101100001101111111
000001001110110100001101111111
000001001110111000001101111111
000001001110111000010110111111
000001001110111000011010111111
000001001110111000011011011111
000001001110111000011100111111
000001001110111000011101011111
000001001110111000011101101111
000001001111000110001101111111
000001001111000110010110111111
000001001111001000110110111111
000001001111001001000100111111
000001001111001010001101111111
000001001111001010010110111111
000001001111001100001101111111
000001001111001100010110111111
000001001111001100011010111111
000001001111001100011011011111
000001001111010000110110111111
000001001111010010001101111111
000001001111010010010110111111
000001001111010100001101111111
000001001111010100010110111111
000001001111010100011010111111
000001001111010100011011011111
000001001111011000001101111111
000001001111011000010110111111
000001001111011000011010111111
000001001111011000011011011111
000001001111100101000101111111
000001001111101000111101111111
000001001111101001000101111111
000001001111101100011101111111
000001001111101100011110111111
000001001111110000011001100111
000001001111110000011001101011
000001001111110000011001110011
000001001111110000101001110011
000001001111110000101101101111
000001001111110000101101110111
000001001111110000101110110111
000001001111110000110001110011
000001001111110000110101101111
000001001111110000110101110111
000001001111110000110101111011
000001001111110000110110101111
000001001111110000110110110111
000001001111110000110110111011
000001001111110000110111010111
000001001111110000110111011011
000001001111110000111001110111
000001001111110000111001111011
000001001111110000111001111101
000001001111110000111010110111
000001001111110000111010111011
000001001111110000111010111101
000001001111110000111011010111
000001001111110000111011011011
000001001111110000111011011101
000001001111110000111101111111
000001001111110000111110111111
000001001111110001000011001111
000001001111110001000011110011
000001001111110001100001100111
000001001111110001111001111111
000001001111110001111010111111
000001001111110010100001010111
000001001111110010100001100111
000001001111110100011101111111
000001001111110100011110111111
000001001111111000011101111111
000001001111111000011110111111
000001001111111000111001111111
000001001111111000111010111111
000001001111111000111100111111
000001001111111011000110001111
000001001111111011001010001111
000001001111111011001100001111
000001001111111011010010001111
000001001111111011010100001111
000001010001111000001011011111
000001010001111000010011011111
000001010001111000100010111111
000001010001111000100011011111
000001010011110100001110111111
000001010011111000001110111111
000001010011111000001111011111
000001010011111000010000011101
000001010011111000010111011111
000001010011111000011011011111
000001010101111000001111011111
000001010101111110001111011111
000001010110011011100001111111
000001010110011101100001111111
000001010110101011100001111111
000001010110101101100001111111
000001010110101110100001111111
000001010110110011100001111111
000001010110110101100001111111
000001010110110110100001111111
000001010110111001100001111111
000001010110111010100001111111
000001010111001101100001111111
000001010111010101100001111111
000001010111010110100001111111
000001010111011000011011011111
000001010111011001100001111111
000001010111011010100001111111
000001010111011110001110111111
000001010111011110001111110111
000001010111101010100001111111
000001010111101110001110111111
000001010111101110001111011111
000001010111110000100000111001
000001010111110000110110110111
000001010111110000111001111011
000001010111110000111010111011
000001010111110000111110111111
000001010111110001001001001111
000001010111110010000110001111
000001010111110010001010001111
000001010111110010011110111111
000001010111110011001110111111
000001010111110100011110111111
000001010111110101001110111111
000001010111110110001110111111
000001010111110110001111011111
000001010111110110001111101111
000001010111111000001100001111
000001010111111000010000011111
000001010111111000010100001111
000001010111111000011101100111
000001010111111000011110111111
000001010111111000100000110111
000001010111111000100000111011
000001010111111000100000111101
000001010111111001001110111111
000001010111111010001110111111
000001010111111010001111011111
000001010111111010001111101111
000001010111111010001111110111
000001011000111100110001111111
000001011010110101100001111111
000001011010110110100001111111
000001011010111001100001111111
000001011010111010100001111111
000001011011001101100001111111
000001011011010101100001111111
000001011011010110100001111111
000001011011010111000011111101
000001011011011001100001111111
000001011011011010100001111111
000001011011011100100001111111
000001011011100111000011111101
000001011011101010100001111111
000001011011101100100001111111
000001011011101101000001111111
000001011011110011110001111111
000001011011110110001111011111
000001011011110110001111101111
000001011011111000010000011111
000001011011111000010000101111
000001011011111000010001001111
000001011011111000010010001111
000001011011111000100000111011
000001011011111001000111001111
000001011011111001110001111111
000001011011111010001111011111
000001011011111010001111101111
000001011100001000001111100101
000001011100001000001111101001
000001011100010000011111101011
000001011100010000011111101101
000001011100110111000011111101
000001011101101110000111111001
000001011110000100000111110111
000001011110000100000111111011
000001011110011000110001111111
000001011110101110000111111001
000001011110111100000111110011
000001011111001110000111111001
000001011111100001100111010111
000001011111100001100111011011
000001011111100001101011011011
000001011111100001110011101101
000001011111100001110101101101
000001011111100001110110011011
000001011111100001110110011101
000001011111100011110011110111
000001011111100011110011111101
000001011111100011110101110111
000001011111100110001110001111
000001011111100111100011111101
000001011111110010001001111011
000001011111110010010001111011
000001100011101100001101111111
000001100011110100001101111111
000001100011110100001110111111
000001100011111000001101111111
000001100011111000001110111111
000001100011111000001111011111
000001100011111000010110111111
000001100011111000010111011111
000001100011111000011011011111
000001100101110011100001111111
000001100101110100001110111111
000001100101111000001110111111
000001100101111000001111011111
000001100101111000010111011111
000001100101111001100001111111
000001100110101011100001111111
000001100110101101100001111111
000001100110110011100001111111
000001100110110101100001111111
000001100110111001100001111111
000001100111000110000111111001
000001100111001010000111111001
000001100111001100000111111001
000001100111001100001101111111
000001100111001100110001111111
000001100111001101010001111111
000001100111001101100001111111
000001100111010100001101111111
000001100111010101100001111111
000001100111011000001101111111
000001100111011000010110111111
000001100111011000011011011111
000001100111011001100001111111
000001100111100001000111111001
000001100111110000011110111101
000001100111110000110110110111
000001100111110001001001001111
000001100111110010011110111111
000001100111110010101110111111
000001100111110100001000011111
000001100111110100011110111111
000001100111110100101110111111
000001100111110101001110111111
000001100111111000011110111111
000001100111111000100001010111
000001100111111000101110111111
000001100111111001001110111111
000001100111111001010011111111
000001100111111001010110111111
000001101000111100110001111111
000001101001111000001110111111
000001101011001100000111111001
000001101011001101100001111111
000001101011010101100001111111
000001101011010110100001111111
000001101011011001100001111111
000001101011011010100001111111
000001101011101010100001111111
000001101011110110001111011111
000001101011111010001111011111
000001101011111010001111101111
000001101100010000011111101011
000001101100110111000011111101
000001101101101011000011111101
000001101101101110000111111001
000001101101110011000011111101
000001101101110110000111111001
000001101110001100001111101001
000001101110001100001111111011
000001101110010100001111111011
000001101110011000001111111011
000001101110011000110001111111
000001101110101110000111110101
000001101110101110000111111001
000001101110110110000111111001
000001101111000010001111111011
000001101111000100001111111011
000001101111000100100111111101
000001101111001000001111111011
000001101111001000100111111101
000001101111001110000111110101
000001101111001110000111111001
000001101111010110000111111001
000001101111110010100111111011
000001101111111000001110001111
000001101111111000001111000111
000001101111111000010001111011
000001101111111000010100111011
000001101111111000011000111011
000001101111111000100001111011
000001101111111000110010001111
000001110001111000001110111111
000001110001111000001111111011
000001110010000100101111100001
000001110010111000001110111111
000001110010111001100001111111
000001110011000010100111111001
000001110011000011000111111001
000001110011001100000111111001
000001110011010101100001111111
000001110011011001100001111111
000001110011011100001111110101
000001110011101011100011111111
000001110011110011100011111111
000001110011110011100101111111
000001110100111000001111110111
000001110101000010001111110011
000001110101000010100111111001
000001110101101110000111111001
000001110101110011000011111101
000001110101110110000111111001
000001110110011000110001111111
000001110110101110000111111001
000001110110110110000111110011
000001110110110110000111110101
000001110110110110000111111001
000001110110111010000111111001
000001110111001000001111111011
000001110111001110000111111001
000001110111010110000111111001
000001110111010111100011111101
000001110111011010000111111001
000001110111011010001111110001
000001110111100111100011111101
000001110111110001001111101001
000001110111111000101111110101
000001110111111000111101110101
000001111000010000011111101011
000001111000010000011111101101
000001111000010011011111100001
000001111000010100001111110101
000001111000010101011111100001
000001111000010101101111111001
000001111000011000001111110101
000001111000011001101111111001
000001111000011100001101111111
000001111000100100001111101101
000001111000100101101111111001
000001111000100110001111111011
000001111000101000001111101101
000001111000101000100111110101
000001111000101001101111111001
000001111000110000100111110101
000001111000110001101111111001
000001111000111000001111110111
000001111000111000001111111011
000001111000111000110011111101
000001111001000100001111101101
000001111001001000001111100111
000001111001001000001111101011
000001111001001000001111101101
000001111001001001000111110011
000001111001001001000111110101
000001111001011000001111110111
000001111001011000110001111111
000001111001011000110010111111
000001111001100001000111111001
000001111001100100100101111111
000001111001101000100101111111
000001111001110001001111101101
000001111010000100001111101101
000001111010001000001111100111
000001111010001000001111101011
000001111010001000001111101101
000001111010001000001111110011
000001111010011000001111101111
000001111010011000001111110111
000001111010011000110001111111
000001111010101000001111101111
000001111010110110000111111001
000001111011001000001111101111
000001111011010110000111111001
000001111011011010000111111001
000001111011011100001110111001
000001111011011100001111011001
000001111011011100001111101001
000001111011011100001111110001
000001111011101100001111011001
000001111011101100001111101001
000001111011101100001111110001
000001111011110100001111011001
000001111011110100001111101001
000001111011110100001111110001
000001111011111000001111101001
000001111011111000001111110001
000001111011111000101111101011
000001111011111000101111101101
000001111011111000101111110101
000001111011111000110111101101
000001111011111000110111110101
000001111100001000001111100111
000001111100001000001111101011
000001111100001000001111101101
000001111100001000001111110011
000001111100001000001111110101
000001111100001000010111110011
000001111100011000001111101111
000001111100011000001111110111
000001111100011000001111111011
000001111100011000100101111111
000001111100100110110011111111
000001111100100111010011111111
000001111100101000001111101111
000001111100101000001111110111
000001111100101000010011100001
000001111100101100110011111111
000001111100101101010011111111
000001111100101101010101111111
000001111100110001001111001001
000001111100110010110011111111
000001111100110011010011111111
000001111100110100001111010001
000001111100110100001111100001
000001111100110100110011111111
000001111100110101010011111111
000001111100110101010101111111
000001111100110101010110111111
000001111100111000110011111111
000001111100111001010011111111
000001111100111001010101111111
000001111100111001010110111111
000001111100111001011001111111
000001111100111001011100111111
000001111101000110110011111111
000001111101001000001111101111
000001111101001000001111110111
000001111101001000010011100001
000001111101001100110011111111
000001111101001101010011111111
000001111101001101010101111111
000001111101010000100011100001
000001111101010001001111001001
000001111101010010110011111111
000001111101010011010011111111
000001111101010100001111100001
000001111101010100110011111111
000001111101010101010011111111
000001111101010101010101111111
000001111101010101010110111111
000001111101010110010011111111
000001111101010110010101111111
000001111101010110010110111111
000001111101011000110011111111
000001111101011001010011111111
000001111101011001010101111111
000001111101011001010110111111
000001111101011001011001111111
000001111101011010010011111111
000001111101011010010101111111
000001111101011010010110111111
000001111101011010011001111111
000001111101011010011010111111
000001111101011100001110111001
000001111101011100001111011001
000001111101011100001111101001
000001111101011100001111110001
000001111101100001001111001001
000001111101100001010111001001
000001111101100001100111001001
000001111101100010001111000101
000001111101100010001111001001
000001111101100100001111000101
000001111101100100001111100001
000001111101100100010111100001
000001111101100101010011111111
000001111101100101010101111111
000001111101101000010111100001
000001111101101001010011111111
000001111101101001010101111111
000001111101101010010011111111
000001111101101010010101111111
000001111101101010011010111111
000001111101101100001101110011
000001111101101100001101110101
000001111101101100001101111001
000001111101101100001110111001
000001111101101100001111100011
000001111101101100001111100101
000001111101101100001111101001
000001111101101100001111110001
000001111101101100010101111001
000001111101101100011001111001
000001111101110100001111010011
000001111101110100001111100011
000001111101110100001111100101
000001111101110100001111101001
000001111101110100001111110001
000001111101111000001111110001
000001111101111000010111011001
000001111101111000010111101001
000001111101111000010111110001
000001111101111000101111101011
000001111101111000101111101101
000001111101111000101111110101
000001111101111000110111101011
000001111101111000110111101101
000001111101111000110111110101
000001111101111000111011110101
000001111101111000111111010101
000001111110001000001111110111
000001111110001000001111111011
000001111110010001001001111001
000001111110010011010011111111
000001111110011001010011111111
000001111110011001011001111111
000001111110011100001110111001
000001111110011100001111011001
000001111110011100001111101001
000001111110011100001111110001
000001111110011101001110011111
000001111110011110001111111001
000001111110100010001111000101
000001111110100110001101001111
000001111110101000010111100001
000001111110101001010011111111
000001111110101010010011111111
000001111110101010010101111111
000001111110101100001101111001
000001111110101100001110111001
000001111110101100001111011001
000001111110101100001111110001
000001111110101100010101111001
000001111110101100011001111001
000001111110101100101011011111
000001111110101100101101011111
000001111110101110001111111001
000001111110101111000111111001
000001111110110010100110111111
000001111110110100001101110011
000001111110110100001101111001
000001111110110100001110111001
000001111110110100001111100011
000001111110110100001111110001
000001111110110100010101111001
000001111110110100011001111001
000001111110110100100101111001
000001111110110100101001111001
000001111110110100101101011111
000001111110110100110001111001
000001111110110100110101011111
000001111110110101001101011111
000001111110110101001110011111
000001111110110101001111110011
000001111110110101010101011111
000001111110110101010110011111
000001111110110110000101111001
000001111110110110001001111001
000001111110111000010111010011
000001111110111000010111100011
000001111110111000010111100101
000001111110111000010111101001
000001111110111000010111110001
000001111110111000011011101001
000001111110111000011011110001
000001111110111000101111110101
000001111110111000110111110101
000001111110111000111011110101
000001111110111000111101110101
000001111110111001001111110011
000001111110111001001111110101
000001111110111001010111110011
000001111110111001010111110101
000001111110111001100111110101
000001111110111010001111110011
000001111110111010010111110011
000001111110111010100111110011
000001111110111100001111110011
000001111110111100001111110101
000001111110111100001111111001
000001111110111100010111110011
000001111110111100010111110101
000001111110111100010111111001
000001111110111100011011111001
000001111110111100100111110011
000001111110111100100111110101
000001111110111110000111110101
000001111110111110000111111001
000001111111000010011011101101
000001111111000010011101101101
000001111111000010101011101011
000001111111000010101011101101
000001111111000010101011110101
000001111111000010101101101011
000001111111000010101101101101
000001111111000010101101110101
000001111111000010101110101101
000001111111000010101110110101
000001111111000010110101101011
000001111111000010110101101101
000001111111000010110101110101
000001111111000010110110101101
000001111111000010110110110101
000001111111000010111010110101
000001111111000011001101100111
000001111111000011001101101011
000001111111000011001101101101
000001111111000011001101110011
000001111111000011001101110101
000001111111000011001110100111
000001111111000011001110101101
000001111111000011001110110011
000001111111000011001110110101
000001111111000011001111010011
000001111111000011010101100111
000001111111000011010101101011
000001111111000011010101101101
000001111111000011010101110011
000001111111000011010101110101
000001111111000011010110101101
000001111111000011010110110011
000001111111000011010110110101
000001111111000011011001101011
000001111111000011011001101101
000001111111000011011001110011
000001111111000011011001110101
000001111111000011011010110011
000001111111000011011010110101
000001111111000011011100110101
000001111111000011100110110011
000001111111000011100110110101
000001111111000011100111010011
000001111111000011101010110011
000001111111000011101010110101
000001111111000011101100110101
000001111111000101011001110011
000001111111000110001100101111
000001111111000110001100110111
000001111111000110001100111011
000001111111000110001100111101
000001111111000110001101001111
000001111111000110011001110011
000001111111000110011110001011
000001111111000110011110001101
000001111111000111001111101101
000001111111000111100111101101
000001111111001100101101011111
000001111111001101001100111111
000001111111001101001101011111
000001111111001101001110011111
000001111111001110001111111001
000001111111001111000111111001
000001111111010001001011111001
000001111111010001010011111001
000001111111010010001011001111
000001111111010010001100011111
000001111111010010010011001111
000001111111010011100111100111
000001111111010100101010111111
000001111111010100101011011111
000001111111010100101101011111
000001111111010100110101011111
000001111111010101001011011111
000001111111010101001101011111
000001111111010101001110011111
000001111111010101010011011111
000001111111010101010101011111
000001111111010101010110011111
000001111111010101011001011111
000001111111010101011010011111
000001111111011000010101110011
000001111111011000010101111001
000001111111011000010110111001
000001111111011000010111100011
000001111111011000010111110001
000001111111011000011001110011
000001111111011000011001111001
000001111111011000011010111001
000001111111011000011011100011
000001111111011000011011110001
000001111111011000011100001111
000001111111011000011100111001
000001111111011000011101110001
000001111111011000100101111001
000001111111011000101001111001
000001111111011000110001111001
000001111111011100001111111001
000001111111011100010111111001
000001111111011100011011111001
000001111111011110000111111001
000001111111011110001011111001
000001111111100011100111100111
000001111111100011101011100111
000001111111100100101010111111
000001111111100100101011011111
000001111111100100101101011111
000001111111100100110101011111
000001111111100101001010111111
000001111111100101001011011111
000001111111100101001100111111
000001111111100101001101011111
000001111111100101001110011111
000001111111100101001111110011
000001111111100101010011011111
000001111111100101010101011111
000001111111100101010110011111
000001111111100101011001011111
000001111111100101011010011111
000001111111100101100100111111
000001111111100101100101011111
000001111111100101100110011111
000001111111100101110010011111
000001111111100110001101011111
000001111111100110001110011111
000001111111100110010101011111
000001111111100110010110011111
000001111111100110011001011111
000001111111100110011010011111
000001111111100110100101011111
000001111111100110100110011111
000001111111100110110001011111
000001111111100110110010011111
000010000101111000010011011111
000010000111110110010000111101
000010001001111000010011011111
000010001111001000101101111111
000010001111001000110101111111
000010001111001001010110111111
000010001111001100001101111111
000010001111001100010101111111
000010001111001100010110111111
000010001111010000101101111111
000010001111010000110101111111
000010001111010000110110111111
000010001111010001010110111111
000010001111010100001101111111
000010001111010100010101111111
000010001111010100010110111111
000010001111011000010101111111
000010001111011000010110111111
000010001111011000011001111111
000010001111011000011010111111
000010001111100100010101111111
000010001111101000010101111111
000010001111101000101010111111
000010001111110000111011111111
000010001111110000111101111111
000010001111110001011101111111
000010001111110001101101111111
000010001111110110100001101111
000010001111110110100100101111
000010001111110110101000101111
000010001111111000011011111111
000010001111111000011101111111
000010001111111000011110111111
000010001111111000101101111111
000010001111111000101110111111
000010001111111010100001011111
000010001111111010100001101111
000010001111111010101000011111
000010001111111010101000101111
000010001111111010110000101111
000010001111111011001000101111
000010001111111011001100001111
000010001111111011010000101111
000010001111111011010100001111
000010010001111000010011011111
000010010001111000100011011111
000010010111011000010110111111
000010010111011000011001111111
000010010111011000011010111111
000010010111110000111101111111
000010010111110100011101111111
000010010111110100011110111111
000010010111111000011101111111
000010010111111000011110111111
000010010111111000101110111111
000010011011100110100001111111
000010011011101010100001111111
000010011011101100100001111111
000010011011111000011110111111
000010011100110111000011111101
000010011110110000111011111111
000010011111100011011011101111
000010011111100011011011110111
000010011111100011101011111101
000010011111100011110011111011
000010011111100011110011111101
000010011111100101110011111101
000010011111110001110011111101
000010011111110010000110111011
000010011111111000111011111111
000010011111111000111101111111
000010011111111000111110111111
000010011111111000111111011111
000010100111001100001101111111
000010100111010100001101111111
000010100111011000010110111111
000010100111011000011010111111
000010100111110000111101111111
000010100111110010011101111111
000010100111110100011101111111
000010100111111000011101111111
000010100111111000011110111111
000010100111111000101110111111
000010100111111001001101111111
000010100111111001001110111111
000010100111111101010000101111
000010101011100110100001111111
000010101011101010100001111111
000010101011101100100001111111
000010101011110110001110111111
000010101011111000011110111111
000010101011111001001110111111
000010101011111010001110111111
000010101011111100001100011111
000010101011111110001000011111
000010101101111111000100001111
000010101110001100001111111011
000010101110010100001111111011
000010101111000100001111111011
000010101111111000011000111011
000010101111111000011000111101
000010101111111000100001111011
000010101111111000100001111101
000010101111111000101000111101
000010101111111000110000111101
000010101111111000111101111111
000010101111111000111110111111
000010101111111000111111011111
000010101111111001001000111101
000010101111111001010000111101
000010110011100110100001111111
000010110011101010100001111111
000010110011101100100001111111
000010110011111000011110111111
000010110011111001001110111111
000010110111100111100011111101
000010110111110011100011111101
000010110111111000100001111011
000010110111111000111110111111
000010110111111000111111011111
000010110111111100010000111101
000010111100001100011111110101
000010111100010000111111011011
000010111100010000111111101011
000010111100010000111111101101
000010111100010010011111110101
000010111100010100011111110101
000010111100011000011111110101
000010111101111000111011111111
000010111110001000011111110101
000010111110011100111011111111
000010111110101100111011111111
000010111110110100111011111111
000010111110111000111011111111
000010111111000011101100111001
000010111111000111001111101101
000010111111000111100111101101
000010111111001110001111111001
000010111111001110100111111001
000010111111001111000111111001
000010111111010110011011111111
000010111111010111000111111001
000010111111011010011011111111
000010111111100010010011001111
000010111111100101001101011111
000010111111100110001110011111
000010111111100110010110011111
000010111111100110011010011111
000010111111100110100110011111
000010111111101000011001110011
000010111111110001110111011111
000010111111110001110111101111
000010111111110001111011101111
000010111111110010010011011111
000010111111110011101100111111
000011000111001100001101111111
000011000111010100001101111111
000011000111011000011001111111
000011000111100100010101111111
000011000111110010011011111111
000011000111110010101101111111
000011000111110100011011111111
000011000111110100101101111111
000011000111111000011011111111
000011000111111000011101111111
000011000111111000101101111111
000011000111111101010001001111
000011001011111000011101111111
000011001011111001001101111111
000011001101111111000100001111
000011001110001100001111111011
000011001110010100001111111011
000011001111000100001111111011
000011001111111000111101111111
000011010011111000011101111111
000011010011111001001101111111
000011010111111100010000111101
000011011100011000011111110011
000011011100011000011111110101
000011011100101000011111101011
000011011100101000011111101101
000011011101001000011111101011
000011011101001000011111101101
000011011101001000011111110011
000011011101101111000111111111
000011011101110111000111111111
000011011101111011000111111111
000011011110001000011111101011
000011011110001000011111101101
000011011110001000011111110011
000011011110001000011111110101
000011011110010000111111110111
000011011110110111000111111111
000011011110111011000111111111
000011011111001111000111111001
000011011111011011000111111111
000011011111101010100111111111
000011011111110010010100111111
000011011111110010011001011111
000011011111110010011010011111
000011011111110100011000111111
000011101110110111000111111111
000011101110111011000111111111
000011101111011011000111111001
000011101111011011000111111111
000011101111110001010101011111
000011101111110010010010111111
000011101111110010010100111111
000011101111110010010101011111
000011101111110010010110011111
000011101111110100010100111111
000011101111111000101001011111
000011101111111000101010011111
000011101111111001001010011111
000011110001001000011111011001
000011110010001000011111011001
000011110010001010111111100011
000011110011001001000111111101
000011110100010011011111110001
000011110100010101011111110001
000011110100010101101111110001
000011110100100101101111110001
000011110111011011000111111001
000011110111011011000111111111
000011110111011110001111111101
000011110111101110001111111101
000011110111111000100011011111
000011110111111000100101011111
000011110111111000100110011111
000011110111111001000101011111
000011111000110000111111010101
000011111001010000111111101111
000011111001010010011111110111
000011111001010100011111110111
000011111001011000011111110111
000011111001011001001111111011
000011111001011001100111111101
000011111001100100011111101111
000011111001100101100111111101
000011111001101000011111101111
000011111001101001001111110111
000011111001101001100111111101
000011111001110001100111111101
000011111010010000111111101111
000011111010010100011111110111
000011111010011000011111110111
000011111010011001001111111011
000011111010100010011111101111
000011111010100100011111101111
000011111010101000011111101111
000011111010101001001111110111
000011111010101010001111110111
000011111010110010100111111101
000011111011000100011110001001
000011111011000100011111101111
000011111011001000011111101111
000011111011001001001111111101
000011111011101110001111111101
000011111011111100011111101101
000011111011111100011111110101
000011111011111100011111111001
000011111100010000111111101111
000011111100010000111111110111
000011111100011000011111110111
000011111100011000011111111011
000011111100011000101111111011
000011111100101000011111101111
000011111100101000011111110111
000011111100101000101111110111
000011111100101001001111110111
000011111100101001001111111011
000011111100110111001111111101
000011111101001000011111101111
000011111101001000011111110111
000011111101001001001111110111
000011111101010100010111110001
000011111101101000101011110001
000011111101101000110011110001
000011111101101010001011110001
000011111101101010010011110001
000011111101110001011111010101
000011111101110001101111010101
000011111101110010011111001101
000011111101110010011111010101
000011111101110010011111100101
000011111101110100011111100101
000011111101110100011111101001
000011111101110100011111110001
000011111101111000011111110001
000011111101111000101111101001
000011111101111100011111101101
000011111101111100011111110101
000011111101111100011111111001
000011111110001000011111110111
000011111110001000011111111011
000011111110101000100111100011
000011111110101000100111110001
000011111110101000101011110001
000011111110101000110011110001
000011111110101100010011110001
000011111110110010011111001011
000011111110110010011111010011
000011111110110010011111100101
000011111110110100010011110001
000011111110110100011111100011
000011111110110100011111110001
000011111110110100101111100011
000011111110110101001111100011
000011111110110110001111110001
000011111110111000101111100101
000011111110111000101111101001
000011111110111001001111100101
000011111110111010001111110001
000011111110111100011111110011
000011111110111100011111110101
000011111110111100011111111001
000011111111011000101111100011
000011111111011001001111100011
000011111111011001011011111101
000011111111011001101011111101
000011111111011100011101111101
000011111111011100011110111101
000011111111011100011111111001
000011111111011100101101111101
000011111111011100110101111101
000011111111011100111001111101
000011111111100011011011101111
000011111111100011011011110111
000011111111100011011011111011
000011111111100011011101110111
000011111111100011011101111011
000011111111100011011110111011
000011111111100011101101110111
000011111111100011101101111011
000011111111100011101110111011
000011111111100011110110111011
000011111111100101010111111011
000100010111111001100011001111
000100010111111001101001001111
000100011011111000101011111111
000100011110010010110011111101
000100011110011000110011111101
000100011111111010100011111011
000100100111111101000100101111
000100101111001000100111111101
000100101111111001000100111101
000100110011111000101110111111
000100111100010100011111110101
000100111100010100101111111001
000100111100011000101111111001
000100111101001000101111111001
000100111110101010010011111111
000100111110110001110111111111
000100111110110010111011111111
000100111110111000110111111111
000100111110111000111011111111
000100111111010011011011111111
000100111111011000110111111111
000100111111011001011011111111
000100111111101000110001111001
000100111111101001000101111001
000100111111101001010001111001
000100111111110001100111110011
000100111111110010001101011111
000100111111110010001111101011
000100111111110010100101011111
000100111111110010100110011111
000100111111110111001110011111
000100111111110111010110011111
000100111111111011011000111111
000101000111100100010101111111
000101001111101000111011111101
000101011110111000111011111111
000101101111011011000111111111
000101101111011101000111111111
000101101111101101000111111111
000101110111011011000111111111
000101110111011101000111111111
000101110111101101000111111111
000101111100011000101111111011
000101111100101000101111110111
000101111111001001000111101001
000110001111101000110111111101
000110011110111000110111111111
000110011110111000111011111111
000110011111001100011111111001
000110011111001100110111111111
000110011111010100110111111111
000110011111011000110111111111
000110011111111101100011011111
000110011111111101101001011111
000110110111011011000111111111
000110110111011101000111111111
000110110111101101000111111111
000110110111111111001000111111
000110111100111000111111111011
000110111110010001111111110111
000110111110010100111111111011
000110111110011000111111111011
000110111111001000111111111011
000110111111111000111001111011
000110111111111001010011111011
000110111111111001100011111011
000111001111110100100100111111
000111011110011000111111110111
000111011110011000111111111011
000111011110101000111111110111
000111011111001000111111110111
000111011111001000111111111011
000111110011001000111111011101
000111110011001010011111111001
000111110011010111011111111001
000111110011100111011111111001
000111110100101101111111110011
000111110101001010011111111001
000111111001001001011111100111
000111111110010010101011111001
000111111110110100110111111001
000111111110110110010111111001
000111111110111010011011111001
000111111111011001010111110011
000111111111011001100111110011
001011111111101001100111110011
