00000001001110010000110111
00000001001110010001100111
00000001110010010001001111
00000001110011000100111001
00000001110100100010010111
00000001110110000100111001
00000001111001000100100111
00000010001110000001101111
00000010011110000011101111
00000011010011011000011111
00000011010110011000011111
00000011010110101000011111
00000011011010101000011111
00000011011110000010000111
00000011100001000001111011
00000011100010000001111011
00000011110111000001111001
00000011111000010101011011
00000011111000010101101011
00000011111000011001101011
00000011111000011011001011
00000100001110000010101111
00000100011101000011011111
00000100011110000011011111
00000100011110000011101111
00000100011110000101101111
00000100011110000110101111
00000100101110000011101111
00000100110110000110101111
00000100111100001101011011
00000100111101000111011111
00000100111110000111011111
00000100111110001110011111
00000101011010101000011111
00000101011101100011101111
00000101011110100011101111
00000101011110100011110111
00000110001110000011011111
00000110010110011000011111
00000110110101100001111001
00000111000010000011110101
00000111000110000011111011
00000111010010000011110111
00000111011110001011110101
00000111100010000011110111
00000111100010000011111011
00000111100100110100111111
00000111100110010100111111
00000111100110010110011111
00000111101010010100111111
00000111101010100100111111
00000111101010100101011111
00000111101011000011011001
00000111101011000011110001
00000111101101000011110001
00000111101110001011110101
00000111101110001101110101
00000111110000101010110101
00000111110000110011010011
00000111110011010011001111
00000111110011100011111001
00000111110101001010101111
00000111110110000101110001
00000111110111000011111001
00000111110111000101111001
00000111111001001010101111
00000111111001010010101111
00000111111001010011001111
00000111111001011001001111
00001000111001000101011111
00001000111010000101011111
00001000111110000110111111
00001000111110000111011111
00001000111110001011011111
00001000111110101000010111
00001001011110000111011111
00001001111110001110111111
00001001111110001111011111
00001010011110000111011111
00001010011110010011011111
00001010111110001000011101
00001010111110001111011111
00001011100010000111110101
00001101110110110001111111
00001101111100100101001111
00001111001010000111110111
00001111001010010011111011
00001111010010000111110111
00001111100010000111110111
00001111100010000111111011
00001111101010001001110001
00001111101100100111100101
00001111101101000111110001
00001111101111000111110101
00001111101111000111111001
00001111110111000111111001
00001111111000110110111011
00010011110110001101111111
00010110111011010001111111
00011001110110001101111111
00011011100110001111111011
00011011110010001111111011
