0 linear=0 cells=(0,0,0)(1,0,0)(1,1,0)(1,2,0)(1,-1,0)(1,0,1)(1,0,-1)(2,0,0) lattice=[1,0,3][0,1,2][0,0,8]
1 linear=0 cells=(0,0,0)(1,0,0)(1,1,0)(1,2,0)(1,3,0)(1,0,1)(1,0,-1)(2,0,0) lattice=[1,0,3][0,1,2][0,0,8]
2 linear=0 cells=(0,0,0)(1,0,0)(1,-1,0)(1,0,1)(1,0,2)(1,1,2)(1,0,-1)(2,0,0) lattice=[1,0,3][0,1,4][0,0,8]
3 linear=0 cells=(0,0,0)(1,0,0)(1,-1,0)(1,0,1)(1,1,1)(1,1,2)(1,0,-1)(2,0,0) lattice=none
4 linear=0 cells=(0,0,0)(1,0,0)(1,-1,0)(1,-2,0)(1,0,1)(1,1,1)(1,0,-1)(2,0,0) lattice=none
5 linear=0 cells=(0,0,0)(1,0,0)(1,-1,0)(1,0,1)(1,0,2)(1,1,1)(1,0,-1)(2,0,0) lattice=none
6 linear=0 cells=(0,0,0)(1,0,0)(1,-1,0)(1,0,1)(1,1,1)(1,0,-1)(1,0,-2)(2,0,0) lattice=none
7 linear=0 cells=(0,0,0)(1,0,0)(1,-1,0)(1,0,1)(1,1,1)(1,0,-1)(2,0,0)(3,0,0) lattice=none
8 linear=0 cells=(0,0,0)(1,0,0)(1,1,0)(1,2,0)(1,3,0)(1,2,1)(1,0,-1)(2,0,0) lattice=[1,1,1][0,4,0][0,0,2]
9 linear=0 cells=(0,0,0)(1,0,0)(1,1,0)(1,2,0)(1,3,0)(1,3,1)(1,0,-1)(2,0,0) lattice=none
10 linear=0 cells=(0,0,0)(1,0,0)(1,1,0)(1,2,0)(1,2,1)(1,3,1)(1,0,-1)(2,0,0) lattice=[1,3,0][0,4,1][0,0,2]
11 linear=0 cells=(0,0,0)(1,0,0)(1,1,0)(1,2,0)(1,2,1)(1,0,-1)(1,-1,-1)(2,0,0) lattice=none
12 linear=0 cells=(0,0,0)(1,0,0)(1,1,0)(1,2,0)(1,2,1)(1,0,-1)(2,0,0)(2,-1,0) lattice=none
13 linear=0 cells=(0,0,0)(1,0,0)(1,1,0)(1,2,0)(1,3,0)(1,1,1)(1,0,-1)(2,0,0) lattice=none
14 linear=0 cells=(0,0,0)(1,0,0)(1,1,0)(1,1,1)(1,2,1)(1,2,2)(1,0,-1)(2,0,0) lattice=none
15 linear=0 cells=(0,0,0)(1,0,0)(1,1,0)(1,2,0)(1,1,1)(1,1,2)(1,0,-1)(2,0,0) lattice=none
16 linear=0 cells=(0,0,0)(1,0,0)(1,1,0)(1,1,1)(1,1,2)(1,2,2)(1,0,-1)(2,0,0) lattice=none
17 linear=0 cells=(0,0,0)(1,0,0)(1,1,0)(1,1,1)(1,2,1)(1,1,2)(1,0,-1)(2,0,0) lattice=none
18 linear=0 cells=(0,0,0)(1,0,0)(1,1,0)(1,1,1)(1,1,2)(1,0,-1)(1,0,-2)(2,0,0) lattice=none
19 linear=0 cells=(0,0,0)(1,0,0)(1,1,0)(1,1,1)(1,1,2)(1,0,-1)(2,0,0)(3,0,0) lattice=none
20 linear=0 cells=(0,0,0)(1,0,0)(1,1,0)(1,2,0)(1,1,1)(1,0,-1)(1,-1,-1)(2,0,0) lattice=none
21 linear=0 cells=(0,0,0)(1,0,0)(1,1,0)(1,1,1)(1,0,-1)(1,-1,-1)(1,-1,-2)(2,0,0) lattice=[1,2,0][0,4,1][0,0,2]
22 linear=0 cells=(0,0,0)(1,0,0)(1,1,0)(1,1,1)(1,0,-1)(1,-1,-1)(2,0,0)(3,0,0) lattice=none
23 linear=0 cells=(0,0,0)(1,0,0)(1,1,0)(1,1,1)(1,0,-1)(2,0,0)(3,0,0)(3,-1,0) lattice=none
24 linear=0 cells=(0,0,0)(1,0,0)(1,1,0)(1,2,0)(1,1,1)(1,0,-1)(2,0,0)(2,-1,0) lattice=none
25 linear=0 cells=(0,0,0)(1,0,0)(1,1,0)(1,1,1)(1,0,-1)(2,0,0)(2,-1,0)(3,-1,0) lattice=none
26 linear=0 cells=(0,0,0)(1,0,0)(1,1,0)(1,1,1)(1,2,1)(1,0,-1)(2,0,0)(2,-1,0) lattice=none
27 linear=0 cells=(0,0,0)(1,0,0)(1,1,0)(1,1,1)(1,0,-1)(1,0,-2)(2,0,0)(2,-1,0) lattice=[1,0,3][0,1,7][0,0,8]
28 linear=0 cells=(0,0,0)(1,0,0)(1,1,0)(1,1,1)(1,0,-1)(2,0,0)(3,0,0)(2,-1,0) lattice=none
29 linear=0 cells=(0,0,0)(-1,0,0)(1,0,0)(1,1,0)(1,1,1)(1,0,-1)(2,0,0)(2,-1,0) lattice=[1,0,3][0,1,7][0,0,8]
30 linear=0 cells=(0,0,0)(1,0,0)(1,0,1)(1,0,2)(1,1,2)(1,-1,2)(1,0,-1)(2,0,0) lattice=[1,1,0][0,2,1][0,0,4]
31 linear=0 cells=(0,0,0)(1,0,0)(1,0,1)(1,1,1)(1,0,2)(1,-1,2)(1,0,-1)(2,0,0) lattice=none
32 linear=0 cells=(0,0,0)(1,0,0)(1,0,1)(1,0,2)(1,-1,2)(1,0,-1)(1,1,-1)(2,0,0) lattice=none
33 linear=0 cells=(0,0,0)(1,0,0)(1,0,1)(1,0,2)(1,-1,2)(1,0,-1)(2,0,0)(2,1,0) lattice=none
34 linear=0 cells=(0,0,0)(1,0,0)(1,0,1)(1,1,1)(1,1,2)(1,1,3)(1,0,-1)(2,0,0) lattice=[1,0,2][0,1,6][0,0,8]
35 linear=0 cells=(0,0,0)(1,0,0)(1,0,1)(1,1,1)(1,1,2)(1,-1,1)(1,0,-1)(2,0,0) lattice=none
36 linear=0 cells=(0,0,0)(1,0,0)(1,0,1)(1,0,2)(1,1,1)(1,-1,1)(1,0,-1)(2,0,0) lattice=[1,0,3][0,1,3][0,0,8]
37 linear=0 cells=(0,0,0)(1,0,0)(1,0,1)(1,1,1)(1,-1,1)(1,0,-1)(1,0,-2)(2,0,0) lattice=[1,1,0][0,2,2][0,0,4]
38 linear=0 cells=(0,0,0)(1,0,0)(1,0,1)(1,1,1)(1,-1,1)(1,0,-1)(2,0,0)(3,0,0) lattice=[1,0,3][0,1,3][0,0,8]
39 linear=0 cells=(0,0,0)(1,0,0)(1,0,1)(1,-1,1)(1,0,-1)(1,1,-1)(1,1,-2)(2,0,0) lattice=[1,0,2][0,1,2][0,0,8]
40 linear=0 cells=(0,0,0)(1,0,0)(1,0,1)(1,0,2)(1,-1,1)(1,0,-1)(1,1,-1)(2,0,0) lattice=[1,1,0][0,2,1][0,0,4]
41 linear=0 cells=(0,0,0)(1,0,0)(1,0,1)(1,-1,1)(1,0,-1)(1,1,-1)(2,0,0)(3,0,0) lattice=[1,0,2][0,1,2][0,0,8]
42 linear=0 cells=(0,0,0)(1,0,0)(1,0,1)(1,-1,1)(1,0,-1)(2,0,0)(2,1,0)(3,1,0) lattice=[1,1,2][0,2,3][0,0,4]
43 linear=0 cells=(0,0,0)(1,0,0)(1,0,1)(1,0,2)(1,-1,1)(1,0,-1)(2,0,0)(2,1,0) lattice=none
44 linear=0 cells=(0,0,0)(1,0,0)(1,0,1)(1,-1,1)(1,0,-1)(1,0,-2)(2,0,0)(2,1,0) lattice=[1,0,3][0,1,1][0,0,8]
45 linear=0 cells=(0,0,0)(1,0,0)(1,1,0)(1,2,0)(1,3,0)(1,3,1)(1,2,-1)(2,0,0) lattice=none
46 linear=0 cells=(0,0,0)(1,0,0)(1,1,0)(1,2,0)(1,2,1)(1,3,1)(1,2,-1)(2,0,0) lattice=none
47 linear=0 cells=(0,0,0)(1,0,0)(1,1,0)(1,1,1)(1,2,0)(1,3,0)(1,2,-1)(2,0,0) lattice=none
48 linear=0 cells=(0,0,0)(1,0,0)(1,1,0)(1,1,1)(1,1,2)(1,2,0)(1,2,-1)(2,0,0) lattice=none
49 linear=0 cells=(0,0,0)(1,0,0)(1,1,0)(1,1,1)(1,2,0)(1,2,-1)(1,3,-1)(2,0,0) lattice=none
50 linear=0 cells=(0,0,0)(1,0,0)(1,1,0)(1,1,1)(1,2,0)(1,2,-1)(2,0,0)(2,-1,0) lattice=none
51 linear=0 cells=(0,0,0)(1,0,0)(1,1,0)(1,1,1)(1,2,0)(1,3,0)(1,3,-1)(2,0,0) lattice=[1,0,3][0,1,2][0,0,8]
52 linear=0 cells=(0,0,0)(1,0,0)(1,1,0)(1,2,0)(1,3,0)(1,3,1)(1,3,-1)(2,0,0) lattice=[1,0,1][0,2,2][0,0,4]
53 linear=0 cells=(0,0,0)(1,0,0)(1,1,0)(1,2,0)(1,3,0)(1,3,-1)(2,0,0)(2,0,1) lattice=none
54 linear=0 cells=(0,0,0)(1,0,0)(1,1,0)(1,2,0)(1,2,1)(1,3,1)(1,4,1)(2,0,0) lattice=none
55 linear=0 cells=(0,0,0)(1,0,0)(1,1,0)(1,2,0)(1,3,0)(1,2,-1)(2,0,0)(2,0,1) lattice=none
56 linear=0 cells=(0,0,0)(1,0,0)(1,1,0)(1,2,0)(1,2,-1)(2,0,0)(2,-1,0)(2,-1,1) lattice=[1,0,1][0,1,6][0,0,8]
57 linear=0 cells=(0,0,0)(1,0,0)(1,1,0)(1,2,0)(1,2,-1)(2,0,0)(2,0,1)(2,-1,1) lattice=[2,0,3][0,1,1][0,0,4]
58 linear=0 cells=(0,0,0)(1,0,0)(1,1,0)(1,2,0)(1,2,-1)(1,3,-1)(2,0,0)(2,0,1) lattice=none
59 linear=0 cells=(0,0,0)(1,0,0)(1,1,0)(1,2,0)(1,2,-1)(2,0,0)(2,-1,0)(2,0,1) lattice=none
60 linear=0 cells=(0,0,0)(0,-1,0)(1,0,0)(1,1,0)(1,2,0)(1,2,-1)(2,0,0)(2,0,1) lattice=[1,0,7][0,1,5][0,0,8]
61 linear=0 cells=(0,0,0)(1,0,0)(1,1,0)(1,1,1)(1,2,1)(1,2,2)(1,1,-1)(2,0,0) lattice=none
62 linear=0 cells=(0,0,0)(1,0,0)(1,1,0)(1,1,1)(1,1,2)(1,2,2)(1,1,-1)(2,0,0) lattice=[1,0,1][0,1,4][0,0,8]
63 linear=0 cells=(0,0,0)(1,0,0)(1,1,0)(1,1,1)(1,2,1)(1,1,2)(1,1,-1)(2,0,0) lattice=[1,0,1][0,2,3][0,0,4]
64 linear=0 cells=(0,0,0)(1,0,0)(1,1,0)(1,1,1)(1,1,2)(1,1,-1)(1,2,-1)(2,0,0) lattice=[1,0,1][0,2,1][0,0,4]
65 linear=0 cells=(0,0,0)(1,0,0)(1,1,0)(1,1,1)(1,1,2)(1,1,-1)(2,0,0)(3,0,0) lattice=[1,0,7][0,1,4][0,0,8]
66 linear=0 cells=(0,0,0)(1,0,0)(1,1,0)(1,1,1)(1,2,1)(1,1,-1)(2,0,0)(2,-1,0) lattice=[1,0,1][0,1,3][0,0,8]
67 linear=0 cells=(0,0,0)(1,0,0)(1,1,0)(1,1,1)(1,2,1)(1,2,2)(1,3,1)(2,0,0) lattice=none
68 linear=0 cells=(0,0,0)(1,0,0)(1,1,0)(1,1,1)(1,2,1)(1,2,2)(1,3,2)(2,0,0) lattice=none
69 linear=0 cells=(0,0,0)(1,0,0)(1,1,0)(1,1,1)(1,1,2)(1,2,1)(1,3,1)(2,0,0) lattice=none
70 linear=0 cells=(0,0,0)(1,0,0)(1,1,0)(1,1,1)(1,2,1)(1,3,1)(1,3,2)(2,0,0) lattice=[1,0,1][0,2,3][0,0,4]
71 linear=0 cells=(0,0,0)(1,0,0)(1,1,0)(1,1,1)(1,2,1)(1,3,1)(2,0,0)(2,-1,0) lattice=none
72 linear=0 cells=(0,0,0)(1,0,0)(1,1,0)(1,1,1)(1,1,2)(1,2,2)(1,2,3)(2,0,0) lattice=[1,0,1][0,1,4][0,0,8]
73 linear=0 cells=(0,0,0)(1,0,0)(1,1,0)(1,2,0)(1,1,1)(1,1,2)(1,1,3)(2,0,0) lattice=[1,0,1][0,2,2][0,0,4]
74 linear=0 cells=(0,0,0)(1,0,0)(1,1,0)(1,1,1)(1,1,2)(1,2,2)(1,1,3)(2,0,0) lattice=[1,0,1][0,1,6][0,0,8]
75 linear=0 cells=(0,0,0)(1,0,0)(1,1,0)(1,1,1)(1,2,1)(1,1,2)(1,1,3)(2,0,0) lattice=[1,0,1][0,2,3][0,0,4]
76 linear=0 cells=(0,0,0)(1,0,0)(1,1,0)(1,1,1)(1,1,2)(1,1,3)(1,2,3)(2,0,0) lattice=[1,0,1][0,2,1][0,0,4]
77 linear=0 cells=(0,0,0)(1,0,0)(1,1,0)(1,1,1)(1,1,2)(1,1,3)(2,0,0)(3,0,0) lattice=[1,0,7][0,1,5][0,0,8]
78 linear=0 cells=(0,0,0)(1,0,0)(1,1,0)(1,1,-1)(2,0,0)(3,0,0)(3,-1,0)(3,0,1) lattice=[1,0,7][0,1,2][0,0,8]
79 linear=0 cells=(0,0,0)(1,0,0)(1,1,0)(1,1,-1)(2,0,0)(3,0,0)(3,-1,0)(3,-1,1) lattice=[1,0,1][0,2,3][0,0,4]
80 linear=0 cells=(0,0,0)(1,0,0)(1,1,0)(1,1,-1)(2,0,0)(3,0,0)(3,0,1)(3,-1,1) lattice=[1,0,7][0,1,3][0,0,8]
81 linear=0 cells=(0,0,0)(1,0,0)(1,1,0)(1,1,-1)(1,1,-2)(2,0,0)(3,0,0)(3,0,1) lattice=[1,0,7][0,1,2][0,0,8]
82 linear=0 cells=(0,0,0)(1,0,0)(1,1,0)(1,1,-1)(2,0,0)(2,-1,0)(3,0,0)(3,0,1) lattice=none
83 linear=0 cells=(0,0,0)(0,-1,0)(1,0,0)(1,1,0)(1,1,-1)(2,0,0)(3,0,0)(3,0,1) lattice=none
84 linear=0 cells=(0,0,0)(1,0,0)(1,1,0)(1,2,0)(1,3,0)(1,1,-1)(2,0,0)(2,0,1) lattice=none
85 linear=0 cells=(0,0,0)(1,0,0)(1,1,0)(1,1,-1)(2,0,0)(2,-1,0)(3,-1,0)(3,-1,1) lattice=none
86 linear=0 cells=(0,0,0)(1,0,0)(1,1,0)(1,2,0)(1,1,-1)(2,0,0)(2,-1,0)(2,-1,1) lattice=[1,0,1][0,1,5][0,0,8]
87 linear=0 cells=(0,0,0)(1,0,0)(1,1,0)(1,1,-1)(2,0,0)(2,-1,0)(3,-1,0)(2,-1,1) lattice=none
88 linear=0 cells=(0,0,0)(1,0,0)(1,1,0)(1,1,-1)(2,0,0)(2,-1,0)(2,-1,1)(3,-1,1) lattice=none
89 linear=0 cells=(0,0,0)(1,0,0)(1,1,0)(1,1,-1)(1,2,-1)(2,0,0)(2,-1,0)(2,-1,1) lattice=[2,0,3][0,1,1][0,0,4]
90 linear=0 cells=(0,0,0)(1,0,0)(1,1,0)(1,1,-1)(2,0,0)(3,0,0)(2,-1,0)(2,-1,1) lattice=[1,0,7][0,1,2][0,0,8]
91 linear=0 cells=(0,0,0)(-1,0,0)(1,0,0)(1,1,0)(1,1,-1)(2,0,0)(2,-1,0)(2,-1,1) lattice=[1,0,3][0,2,0][0,0,4]
92 linear=0 cells=(0,0,0)(1,0,0)(1,1,0)(1,1,-1)(2,0,0)(2,0,1)(3,0,1)(3,-1,1) lattice=[1,0,7][0,1,3][0,0,8]
93 linear=0 cells=(0,0,0)(1,0,0)(1,1,0)(1,2,0)(1,1,-1)(2,0,0)(2,0,1)(2,-1,1) lattice=[2,1,1][0,2,1][0,0,2]
94 linear=0 cells=(0,0,0)(1,0,0)(1,1,0)(1,1,-1)(2,0,0)(2,0,1)(2,-1,1)(3,-1,1) lattice=[1,0,3][0,2,3][0,0,4]
95 linear=0 cells=(0,0,0)(1,0,0)(1,1,0)(1,1,-1)(2,0,0)(2,0,1)(3,0,1)(2,-1,1) lattice=[1,0,7][0,1,2][0,0,8]
96 linear=0 cells=(0,0,0)(1,0,0)(1,1,0)(1,1,-1)(1,2,-1)(2,0,0)(2,0,1)(2,-1,1) lattice=[1,0,7][0,1,2][0,0,8]
97 linear=0 cells=(0,0,0)(1,0,0)(1,1,0)(1,1,-1)(2,0,0)(3,0,0)(2,0,1)(2,-1,1) lattice=[2,0,3][0,1,1][0,0,4]
98 linear=0 cells=(0,0,0)(-1,0,0)(1,0,0)(1,1,0)(1,1,-1)(2,0,0)(2,0,1)(2,-1,1) lattice=none
99 linear=0 cells=(0,0,0)(1,0,0)(1,1,0)(1,1,-1)(1,2,-1)(1,2,-2)(2,0,0)(2,0,1) lattice=none
100 linear=0 cells=(0,0,0)(1,0,0)(1,1,0)(1,2,0)(1,1,-1)(1,1,-2)(2,0,0)(2,0,1) lattice=none
101 linear=0 cells=(0,0,0)(1,0,0)(1,1,0)(1,1,-1)(1,1,-2)(1,2,-2)(2,0,0)(2,0,1) lattice=none
102 linear=0 cells=(0,0,0)(1,0,0)(1,1,0)(1,1,-1)(1,1,-2)(2,0,0)(2,0,1)(3,0,1) lattice=[1,0,7][0,1,2][0,0,8]
103 linear=0 cells=(0,0,0)(1,0,0)(1,1,0)(1,1,-1)(1,2,-1)(1,1,-2)(2,0,0)(2,0,1) lattice=[1,0,7][0,1,2][0,0,8]
104 linear=0 cells=(0,0,0)(1,0,0)(1,1,0)(1,1,-1)(1,1,-2)(2,0,0)(3,0,0)(2,0,1) lattice=none
105 linear=0 cells=(0,0,0)(-1,0,0)(1,0,0)(1,1,0)(1,1,-1)(1,1,-2)(2,0,0)(2,0,1) lattice=[1,0,7][0,1,3][0,0,8]
106 linear=0 cells=(0,0,0)(1,0,0)(1,1,0)(1,1,-1)(2,0,0)(3,0,0)(3,-1,0)(2,0,1) lattice=none
107 linear=0 cells=(0,0,0)(1,0,0)(1,1,0)(1,2,0)(1,1,-1)(2,0,0)(2,-1,0)(2,0,1) lattice=[1,0,7][0,1,2][0,0,8]
108 linear=0 cells=(0,0,0)(1,0,0)(1,1,0)(1,1,-1)(2,0,0)(2,-1,0)(3,-1,0)(2,0,1) lattice=[1,0,7][0,1,2][0,0,8]
109 linear=0 cells=(0,0,0)(1,0,0)(1,1,0)(1,1,-1)(2,0,0)(2,-1,0)(2,0,1)(3,0,1) lattice=none
110 linear=0 cells=(0,0,0)(1,0,0)(1,1,0)(1,1,-1)(1,2,-1)(2,0,0)(2,-1,0)(2,0,1) lattice=[2,0,3][0,1,2][0,0,4]
111 linear=0 cells=(0,0,0)(1,0,0)(1,1,0)(1,1,-1)(2,0,0)(3,0,0)(2,-1,0)(2,0,1) lattice=none
112 linear=0 cells=(0,0,0)(-1,0,0)(1,0,0)(1,1,0)(1,1,-1)(2,0,0)(2,-1,0)(2,0,1) lattice=[1,0,7][0,1,4][0,0,8]
113 linear=0 cells=(0,0,0)(-1,0,0)(-1,-1,0)(1,0,0)(1,1,0)(1,1,-1)(2,0,0)(2,0,1) lattice=none
114 linear=0 cells=(0,0,0)(0,-1,0)(1,0,0)(1,1,0)(1,2,0)(1,1,-1)(2,0,0)(2,0,1) lattice=none
115 linear=0 cells=(0,0,0)(0,-1,0)(-1,-1,0)(1,0,0)(1,1,0)(1,1,-1)(2,0,0)(2,0,1) lattice=[1,0,6][0,1,3][0,0,8]
116 linear=0 cells=(0,0,0)(0,-1,0)(1,0,0)(1,1,0)(1,1,-1)(2,0,0)(2,0,1)(3,0,1) lattice=none
117 linear=0 cells=(0,0,0)(0,-1,0)(1,0,0)(1,1,0)(1,1,-1)(1,2,-1)(2,0,0)(2,0,1) lattice=[2,0,2][0,1,1][0,0,4]
118 linear=0 cells=(0,0,0)(0,-1,0)(1,0,0)(1,1,0)(1,1,-1)(2,0,0)(3,0,0)(2,0,1) lattice=none
119 linear=0 cells=(0,0,0)(-1,0,0)(0,-1,0)(1,0,0)(1,1,0)(1,1,-1)(2,0,0)(2,0,1) lattice=none
120 linear=0 cells=(0,0,0)(1,0,0)(1,-1,0)(1,0,1)(1,0,2)(1,0,3)(2,0,0)(2,1,0) lattice=none
121 linear=0 cells=(0,0,0)(0,1,0)(1,0,0)(1,0,1)(1,0,2)(1,0,3)(2,0,0)(2,-1,0) lattice=[2,0,3][0,1,1][0,0,4]
122 linear=0 cells=(0,0,0)(1,0,0)(1,-1,0)(1,0,-1)(2,0,0)(2,0,1)(3,0,1)(3,1,1) lattice=[1,0,6][0,1,1][0,0,8]
123 linear=0 cells=(0,0,0)(1,0,0)(1,-1,0)(1,0,-1)(2,0,0)(2,0,1)(2,1,1)(3,1,1) lattice=[1,0,3][0,1,2][0,0,8]
124 linear=0 cells=(0,0,0)(1,0,0)(1,-1,0)(1,-2,0)(1,0,-1)(2,0,0)(2,0,1)(2,1,1) lattice=[1,3,0][0,4,1][0,0,2]
125 linear=0 cells=(0,0,0)(1,0,0)(1,-1,0)(1,0,-1)(2,0,0)(2,0,1)(3,0,1)(2,1,1) lattice=[1,3,1][0,4,0][0,0,2]
126 linear=0 cells=(0,0,0)(1,0,0)(1,-1,0)(1,0,-1)(1,0,-2)(2,0,0)(2,0,1)(2,1,1) lattice=none
127 linear=0 cells=(0,0,0)(-1,0,0)(1,0,0)(1,-1,0)(1,0,-1)(2,0,0)(2,0,1)(2,1,1) lattice=[1,3,0][0,4,1][0,0,2]
128 linear=0 cells=(0,0,0)(1,0,0)(1,-1,0)(1,0,-1)(2,0,0)(3,0,0)(3,1,0)(2,0,1) lattice=none
129 linear=0 cells=(0,0,0)(1,0,0)(1,-1,0)(1,0,-1)(2,0,0)(2,1,0)(3,1,0)(2,0,1) lattice=none
130 linear=0 cells=(0,0,0)(1,0,0)(1,-1,0)(1,-2,0)(1,0,-1)(2,0,0)(2,1,0)(2,0,1) lattice=[1,0,3][0,1,1][0,0,8]
131 linear=0 cells=(0,0,0)(1,0,0)(1,-1,0)(1,0,-1)(2,0,0)(3,0,0)(2,1,0)(2,0,1) lattice=[1,0,3][0,1,1][0,0,8]
132 linear=0 cells=(0,0,0)(-1,0,0)(1,0,0)(1,-1,0)(1,0,-1)(2,0,0)(2,1,0)(2,0,1) lattice=[1,1,3][0,2,0][0,0,4]
133 linear=0 cells=(0,0,0)(-1,0,0)(-1,1,0)(1,0,0)(1,-1,0)(1,0,-1)(2,0,0)(2,0,1) lattice=none
134 linear=0 cells=(0,0,0)(0,1,0)(-1,1,0)(1,0,0)(1,-1,0)(1,0,-1)(2,0,0)(2,0,1) lattice=[1,0,3][0,1,2][0,0,8]
135 linear=0 cells=(0,0,0)(0,1,0)(1,0,0)(1,-1,0)(1,-2,0)(1,0,-1)(2,0,0)(2,0,1) lattice=[1,0,3][0,1,2][0,0,8]
136 linear=0 cells=(0,0,0)(0,1,0)(1,0,0)(1,-1,0)(1,0,-1)(2,0,0)(3,0,0)(2,0,1) lattice=[1,0,6][0,1,1][0,0,8]
137 linear=0 cells=(0,0,0)(1,0,0)(1,-1,0)(1,0,-1)(2,0,0)(3,0,0)(3,1,0)(3,0,1) lattice=[1,0,2][0,1,1][0,0,8]
138 linear=0 cells=(0,0,0)(1,0,0)(1,-1,0)(1,0,-1)(2,0,0)(3,0,0)(3,0,1)(3,1,1) lattice=none
139 linear=0 cells=(0,0,0)(1,0,0)(1,0,-1)(2,0,0)(3,0,0)(3,-1,0)(3,0,1)(3,1,1) lattice=[1,1,0][0,4,1][0,0,2]
140 linear=0 cells=(0,0,0)(1,0,0)(1,0,-1)(2,0,0)(2,1,0)(3,0,0)(3,-1,0)(3,0,1) lattice=none
141 linear=0 cells=(0,0,0)(0,1,0)(1,0,0)(1,0,-1)(2,0,0)(3,0,0)(3,-1,0)(3,0,1) lattice=none
142 linear=0 cells=(0,0,0)(1,0,0)(1,0,-1)(2,0,0)(3,0,0)(3,1,0)(3,1,1)(3,1,2) lattice=none
143 linear=0 cells=(0,0,0)(1,0,0)(1,0,-1)(2,0,0)(2,-1,0)(3,0,0)(3,1,0)(3,1,1) lattice=none
144 linear=0 cells=(0,0,0)(0,-1,0)(1,0,0)(1,0,-1)(2,0,0)(3,0,0)(3,1,0)(3,1,1) lattice=none
145 linear=0 cells=(0,0,0)(1,0,0)(1,0,-1)(2,0,0)(2,1,0)(3,0,0)(3,0,1)(3,-1,1) lattice=none
146 linear=0 cells=(0,0,0)(0,1,0)(1,0,0)(1,0,-1)(2,0,0)(3,0,0)(3,0,1)(3,-1,1) lattice=none
147 linear=0 cells=(0,0,0)(0,1,0)(1,0,0)(1,0,-1)(2,0,0)(2,-1,0)(3,0,0)(3,0,1) lattice=[2,0,3][0,1,1][0,0,4]
148 linear=0 cells=(0,0,0)(1,0,0)(1,0,-1)(2,0,0)(2,1,0)(3,1,0)(4,1,0)(3,1,1) lattice=[1,0,2][0,1,1][0,0,8]
149 linear=0 cells=(0,0,0)(1,0,0)(1,0,-1)(2,0,0)(2,1,0)(3,1,0)(4,1,0)(4,1,1) lattice=none
150 linear=0 cells=(0,0,0)(1,0,0)(1,0,-1)(2,0,0)(2,1,0)(3,1,0)(3,1,1)(4,1,1) lattice=[4,0,1][0,1,1][0,0,2]
151 linear=0 cells=(0,0,0)(0,-1,0)(1,0,0)(1,0,-1)(2,0,0)(2,1,0)(3,1,0)(3,1,1) lattice=[2,0,1][0,1,2][0,0,4]
152 linear=0 cells=(0,0,0)(1,0,0)(1,0,-1)(2,0,0)(2,1,0)(3,1,0)(4,1,0)(2,1,1) lattice=none
153 linear=0 cells=(0,0,0)(1,0,0)(1,0,-1)(2,0,0)(2,1,0)(2,1,1)(3,1,1)(3,1,2) lattice=[1,1,3][0,2,1][0,0,4]
154 linear=0 cells=(0,0,0)(1,0,0)(1,0,-1)(2,0,0)(2,1,0)(3,1,0)(2,1,1)(2,1,2) lattice=[1,0,2][0,1,3][0,0,8]
155 linear=0 cells=(0,0,0)(1,0,0)(1,0,-1)(2,0,0)(2,1,0)(2,1,1)(2,1,2)(3,1,2) lattice=none
156 linear=0 cells=(0,0,0)(1,0,0)(1,0,-1)(2,0,0)(2,1,0)(2,1,1)(3,1,1)(2,1,2) lattice=none
157 linear=0 cells=(0,0,0)(1,0,0)(1,0,-1)(1,0,-2)(2,0,0)(2,1,0)(2,1,1)(2,1,2) lattice=none
158 linear=0 cells=(0,0,0)(-1,0,0)(1,0,0)(1,0,-1)(2,0,0)(2,1,0)(2,1,1)(2,1,2) lattice=none
159 linear=0 cells=(0,0,0)(-1,0,0)(-1,-1,0)(1,0,0)(1,0,-1)(2,0,0)(2,1,0)(2,1,1) lattice=none
160 linear=0 cells=(0,0,0)(0,-1,0)(1,0,0)(1,0,-1)(2,0,0)(2,1,0)(3,1,0)(2,1,1) lattice=[1,0,2][0,1,3][0,0,8]
161 linear=0 cells=(0,0,0)(0,-1,0)(-1,-1,0)(1,0,0)(1,0,-1)(2,0,0)(2,1,0)(2,1,1) lattice=none
162 linear=0 cells=(0,0,0)(0,-1,0)(1,0,0)(1,0,-1)(2,0,0)(2,1,0)(2,1,1)(3,1,1) lattice=[1,2,1][0,4,1][0,0,2]
163 linear=0 cells=(0,0,0)(0,-1,0)(1,0,0)(1,0,-1)(1,0,-2)(2,0,0)(2,1,0)(2,1,1) lattice=none
164 linear=0 cells=(0,0,0)(1,0,0)(1,0,-1)(2,0,0)(2,0,1)(2,1,1)(3,0,1)(3,-1,1) lattice=[1,1,0][0,2,1][0,0,4]
165 linear=0 cells=(0,0,0)(1,0,0)(1,0,-1)(2,0,0)(2,1,0)(2,0,1)(3,0,1)(3,-1,1) lattice=none
166 linear=0 cells=(0,0,0)(0,1,0)(1,0,0)(1,0,-1)(2,0,0)(2,0,1)(3,0,1)(3,-1,1) lattice=[1,1,0][0,4,0][0,0,2]
167 linear=0 cells=(0,0,0)(1,0,0)(1,0,-1)(2,0,0)(2,0,1)(2,1,1)(3,1,1)(4,1,1) lattice=none
168 linear=0 cells=(0,0,0)(1,0,0)(1,0,-1)(2,0,0)(2,1,0)(3,1,0)(2,0,1)(2,-1,1) lattice=none
169 linear=0 cells=(0,0,0)(1,0,0)(1,0,-1)(2,0,0)(2,1,0)(2,0,1)(2,-1,1)(3,-1,1) lattice=none
170 linear=0 cells=(0,0,0)(1,0,0)(1,0,-1)(2,0,0)(2,1,0)(2,0,1)(3,0,1)(2,-1,1) lattice=[1,0,6][0,1,1][0,0,8]
171 linear=0 cells=(0,0,0)(1,0,0)(1,0,-1)(1,0,-2)(2,0,0)(2,1,0)(2,0,1)(2,-1,1) lattice=none
172 linear=0 cells=(0,0,0)(-1,0,0)(1,0,0)(1,0,-1)(2,0,0)(2,1,0)(2,0,1)(2,-1,1) lattice=[1,0,5][0,1,2][0,0,8]
173 linear=0 cells=(0,0,0)(-1,0,0)(-1,1,0)(1,0,0)(1,0,-1)(2,0,0)(2,0,1)(2,-1,1) lattice=none
174 linear=0 cells=(0,0,0)(0,1,0)(-1,1,0)(1,0,0)(1,0,-1)(2,0,0)(2,0,1)(2,-1,1) lattice=none
175 linear=0 cells=(0,0,0)(0,1,0)(1,0,0)(1,0,-1)(2,0,0)(2,0,1)(2,-1,1)(3,-1,1) lattice=[1,1,0][0,4,0][0,0,2]
176 linear=0 cells=(0,0,0)(0,1,0)(1,0,0)(1,0,-1)(2,0,0)(2,0,1)(3,0,1)(2,-1,1) lattice=none
177 linear=0 cells=(0,0,0)(0,1,0)(1,0,0)(1,0,-1)(1,0,-2)(2,0,0)(2,0,1)(2,-1,1) lattice=none
178 linear=0 cells=(0,0,0)(0,1,0)(1,0,0)(1,0,-1)(2,0,0)(3,0,0)(3,-1,0)(2,0,1) lattice=[1,0,3][0,1,2][0,0,8]
179 linear=0 cells=(0,0,0)(1,0,0)(1,0,-1)(2,0,0)(2,1,0)(3,1,0)(4,1,0)(2,0,1) lattice=none
180 linear=0 cells=(0,0,0)(-1,0,0)(-1,1,0)(1,0,0)(1,0,-1)(2,0,0)(2,-1,0)(2,0,1) lattice=[1,0,6][0,1,3][0,0,8]
181 linear=0 cells=(0,0,0)(0,1,0)(-1,1,0)(1,0,0)(1,0,-1)(2,0,0)(2,-1,0)(2,0,1) lattice=none
182 linear=0 cells=(0,0,0)(0,1,0)(1,0,0)(1,0,-1)(2,0,0)(2,-1,0)(3,-1,0)(2,0,1) lattice=[1,0,5][0,1,3][0,0,8]
183 linear=0 cells=(0,0,0)(0,1,0)(1,0,0)(1,0,-1)(2,0,0)(2,-1,0)(2,0,1)(3,0,1) lattice=none
184 linear=0 cells=(0,0,0)(0,1,0)(1,0,0)(1,0,-1)(1,0,-2)(2,0,0)(2,-1,0)(2,0,1) lattice=none
185 linear=0 cells=(0,0,0)(0,1,0)(-1,0,0)(-1,-1,0)(1,0,0)(1,0,-1)(2,0,0)(2,0,1) lattice=[1,0,5][0,1,4][0,0,8]
186 linear=0 cells=(0,0,0)(0,1,0)(-1,1,0)(-2,1,0)(1,0,0)(1,0,-1)(2,0,0)(2,0,1) lattice=none
187 linear=0 cells=(0,0,0)(1,0,0)(1,0,-1)(1,1,0)(1,1,1)(1,2,1)(1,2,2)(2,1,0) lattice=none
188 linear=0 cells=(0,0,0)(1,0,0)(1,0,-1)(1,1,0)(1,1,1)(1,1,2)(1,2,2)(2,1,0) lattice=[1,0,1][0,1,4][0,0,8]
189 linear=0 cells=(0,0,0)(1,0,0)(1,0,-1)(1,0,-2)(1,1,0)(1,1,1)(1,1,2)(2,1,0) lattice=[1,0,1][0,1,5][0,0,8]
190 linear=0 cells=(0,0,0)(1,0,0)(1,0,-1)(1,1,0)(1,1,1)(1,1,2)(2,1,0)(2,2,0) lattice=[1,0,4][0,1,7][0,0,8]
191 linear=0 cells=(0,0,0)(-1,0,0)(1,0,0)(1,0,-1)(1,1,0)(1,1,1)(1,1,2)(2,1,0) lattice=[1,0,1][0,1,4][0,0,8]
192 linear=0 cells=(0,0,0)(1,0,0)(1,0,-1)(1,-1,-1)(1,1,0)(1,1,1)(1,2,1)(2,1,0) lattice=[1,0,1][0,1,3][0,0,8]
193 linear=0 cells=(0,0,0)(1,0,0)(1,0,-1)(1,-1,-1)(1,1,0)(1,1,1)(2,1,0)(2,2,0) lattice=none
194 linear=0 cells=(0,0,0)(1,0,0)(1,0,1)(1,0,2)(1,-1,2)(1,-1,3)(1,1,0)(2,1,0) lattice=[1,1,1][0,2,0][0,0,4]
195 linear=0 cells=(0,0,0)(1,0,0)(1,0,1)(1,0,2)(1,0,3)(1,-1,3)(1,1,0)(2,1,0) lattice=none
196 linear=0 cells=(0,0,0)(1,0,0)(1,0,1)(1,0,2)(1,0,3)(1,1,0)(2,1,0)(3,1,0) lattice=[1,0,7][0,1,4][0,0,8]
197 linear=0 cells=(0,0,0)(0,-1,0)(1,0,0)(1,0,1)(1,0,2)(1,0,3)(1,1,0)(2,1,0) lattice=none
198 linear=0 cells=(0,0,0)(1,0,0)(1,0,1)(1,-1,1)(1,-1,2)(1,-2,2)(1,1,0)(2,1,0) lattice=none
199 linear=0 cells=(0,0,0)(1,0,0)(1,0,1)(1,-1,1)(1,-2,1)(1,-2,2)(1,1,0)(2,1,0) lattice=none
200 linear=0 cells=(0,0,0)(1,0,0)(1,0,1)(1,-1,1)(1,-2,1)(1,1,0)(2,1,0)(2,2,0) lattice=[1,1,1][0,2,1][0,0,4]
201 linear=0 cells=(0,0,0)(-1,0,0)(1,0,0)(1,0,1)(1,-1,1)(1,-2,1)(1,1,0)(2,1,0) lattice=[1,0,3][0,1,3][0,0,8]
202 linear=0 cells=(0,0,0)(1,0,0)(1,0,-1)(1,1,0)(2,1,0)(2,2,0)(3,2,0)(2,2,1) lattice=[1,0,1][0,1,2][0,0,8]
203 linear=0 cells=(0,0,0)(1,0,0)(1,0,-1)(1,1,0)(2,1,0)(2,2,0)(3,2,0)(3,2,1) lattice=[1,0,4][0,1,3][0,0,8]
204 linear=0 cells=(0,0,0)(1,0,0)(1,0,-1)(1,1,0)(2,1,0)(2,2,0)(2,2,1)(3,2,1) lattice=none
205 linear=0 cells=(0,0,0)(1,0,0)(1,0,-1)(1,-1,-1)(1,1,0)(2,1,0)(2,2,0)(2,2,1) lattice=[1,0,1][0,1,5][0,0,8]
206 linear=0 cells=(0,0,0)(0,-1,0)(1,0,0)(1,0,-1)(1,1,0)(2,1,0)(2,2,0)(2,2,1) lattice=none
207 linear=0 cells=(0,0,0)(1,0,0)(1,0,-1)(1,1,0)(2,1,0)(3,1,0)(3,2,0)(3,2,1) lattice=[1,0,1][0,1,2][0,0,8]
208 linear=0 cells=(0,0,0)(1,0,0)(1,0,-1)(1,1,0)(2,1,0)(3,1,0)(3,2,0)(3,1,1) lattice=[1,0,5][0,1,5][0,0,8]
209 linear=0 cells=(0,0,0)(1,0,0)(1,0,-1)(1,1,0)(2,1,0)(3,1,0)(3,1,1)(3,2,1) lattice=none
210 linear=0 cells=(0,0,0)(1,0,0)(1,0,-1)(1,0,-2)(1,1,0)(2,1,0)(3,1,0)(3,1,1) lattice=[1,1,3][0,2,3][0,0,4]
211 linear=0 cells=(0,0,0)(-1,0,0)(1,0,0)(1,0,-1)(1,1,0)(2,1,0)(3,1,0)(3,1,1) lattice=none
212 linear=0 cells=(0,0,0)(1,0,0)(1,0,-1)(1,1,0)(2,1,0)(2,1,1)(2,2,1)(3,2,1) lattice=[1,0,2][0,1,2][0,0,8]
213 linear=0 cells=(0,0,0)(1,0,0)(1,0,-1)(1,1,0)(2,1,0)(2,1,1)(3,1,1)(3,2,1) lattice=[1,0,2][0,1,2][0,0,8]
214 linear=0 cells=(0,0,0)(1,0,0)(1,0,-1)(1,1,0)(2,1,0)(2,1,1)(2,2,1)(3,1,1) lattice=[1,0,2][0,2,2][0,0,4]
215 linear=0 cells=(0,0,0)(1,0,0)(1,0,-1)(1,0,-2)(1,1,0)(2,1,0)(2,1,1)(3,1,1) lattice=none
216 linear=0 cells=(0,0,0)(1,0,0)(1,0,-1)(1,1,0)(2,1,0)(2,2,0)(2,1,1)(3,1,1) lattice=[1,0,2][0,2,1][0,0,4]
217 linear=0 cells=(0,0,0)(-1,0,0)(1,0,0)(1,0,-1)(1,1,0)(2,1,0)(2,1,1)(3,1,1) lattice=none
218 linear=0 cells=(0,0,0)(1,0,0)(1,0,-1)(1,0,-2)(1,-1,-2)(1,1,0)(2,1,0)(2,1,1) lattice=[1,0,2][0,1,3][0,0,8]
219 linear=0 cells=(0,0,0)(1,0,0)(1,0,-1)(1,-1,-1)(1,-1,-2)(1,1,0)(2,1,0)(2,1,1) lattice=[1,1,3][0,2,3][0,0,4]
220 linear=0 cells=(0,0,0)(1,0,0)(1,0,-1)(1,-1,-1)(1,1,0)(2,1,0)(2,1,1)(2,2,1) lattice=[1,0,2][0,1,2][0,0,8]
221 linear=0 cells=(0,0,0)(-1,0,0)(1,0,0)(1,0,-1)(1,-1,-1)(1,1,0)(2,1,0)(2,1,1) lattice=none
222 linear=0 cells=(0,0,0)(1,0,0)(1,0,-1)(1,1,0)(2,1,0)(2,2,0)(3,2,0)(2,1,1) lattice=none
223 linear=0 cells=(0,0,0)(-1,0,0)(-1,-1,0)(1,0,0)(1,0,-1)(1,1,0)(2,1,0)(2,1,1) lattice=none
224 linear=0 cells=(0,0,0)(0,-1,0)(-1,-1,0)(1,0,0)(1,0,-1)(1,1,0)(2,1,0)(2,1,1) lattice=none
225 linear=0 cells=(0,0,0)(0,-1,0)(1,0,0)(1,0,-1)(1,1,0)(2,1,0)(2,1,1)(2,2,1) lattice=none
226 linear=0 cells=(0,0,0)(0,-1,0)(1,0,0)(1,0,-1)(1,0,-2)(1,1,0)(2,1,0)(2,1,1) lattice=[2,0,0][0,1,3][0,0,4]
227 linear=0 cells=(0,0,0)(-1,0,0)(-1,-1,0)(-1,0,1)(1,0,0)(1,0,-1)(1,1,0)(2,1,0) lattice=[1,0,1][0,1,2][0,0,8]
228 linear=0 cells=(0,0,0)(-1,0,0)(-1,-1,0)(-1,-1,1)(1,0,0)(1,0,-1)(1,1,0)(2,1,0) lattice=[1,0,6][0,1,5][0,0,8]
229 linear=0 cells=(0,0,0)(-1,0,0)(-1,0,1)(-1,-1,1)(1,0,0)(1,0,-1)(1,1,0)(2,1,0) lattice=[1,0,1][0,1,3][0,0,8]
230 linear=0 cells=(0,0,0)(-1,0,0)(-1,0,1)(1,0,0)(1,0,-1)(1,-1,-1)(1,1,0)(2,1,0) lattice=[1,0,5][0,1,7][0,0,8]
231 linear=0 cells=(0,0,0)(-1,0,0)(-1,0,1)(1,0,0)(1,0,-1)(1,1,0)(2,1,0)(3,1,0) lattice=[1,0,1][0,1,2][0,0,8]
232 linear=0 cells=(0,0,0)(0,0,1)(1,0,0)(1,0,-1)(1,-1,-1)(1,-1,-2)(1,1,0)(2,1,0) lattice=[1,0,1][0,2,3][0,0,4]
233 linear=0 cells=(0,0,0)(1,0,0)(1,0,-1)(1,1,0)(1,2,0)(2,2,0)(2,3,0)(2,3,1) lattice=[1,0,1][0,1,6][0,0,8]
234 linear=0 cells=(0,0,0)(1,0,0)(1,0,-1)(1,1,0)(1,2,0)(2,2,0)(2,2,1)(2,3,1) lattice=[2,0,1][0,1,3][0,0,4]
235 linear=0 cells=(0,0,0)(1,0,0)(1,0,-1)(1,1,0)(1,2,0)(1,3,0)(1,3,1)(2,3,0) lattice=[1,0,4][0,1,5][0,0,8]
236 linear=0 cells=(0,0,0)(1,0,0)(1,0,-1)(1,1,0)(1,2,0)(1,3,0)(2,3,0)(2,3,1) lattice=none
237 linear=1 cells=(0,0,0)(1,0,0)(1,1,0)(1,2,0)(1,3,0)(1,3,1)(2,3,1)(3,3,1) lattice=[1,0,7][0,1,7][0,0,8]
238 linear=1 cells=(0,0,0)(0,0,-1)(1,0,0)(1,1,0)(1,2,0)(1,3,0)(1,3,1)(2,3,1) lattice=[1,0,7][0,1,7][0,0,8]
239 linear=1 cells=(0,0,0)(0,0,1)(1,0,0)(1,1,0)(1,2,0)(1,3,0)(2,3,0)(2,3,-1) lattice=[1,0,1][0,1,1][0,0,8]
240 linear=1 cells=(0,0,0)(1,0,0)(1,1,0)(1,2,0)(1,2,1)(1,3,1)(1,4,1)(2,4,1) lattice=[1,0,2][0,1,2][0,0,8]
241 linear=1 cells=(0,0,0)(1,0,0)(1,1,0)(1,2,0)(1,2,1)(1,3,1)(2,3,1)(2,4,1) lattice=[1,0,2][0,1,2][0,0,8]
242 linear=1 cells=(0,0,0)(0,0,-1)(1,0,0)(1,1,0)(1,2,0)(1,2,1)(1,3,1)(2,3,1) lattice=[1,0,7][0,1,7][0,0,8]
243 linear=1 cells=(0,0,0)(1,0,0)(1,1,0)(1,2,0)(1,2,1)(2,2,1)(2,3,1)(3,3,1) lattice=[1,0,2][0,1,2][0,0,8]
244 linear=1 cells=(0,0,0)(1,0,0)(1,1,0)(1,2,0)(1,2,1)(2,2,1)(3,2,1)(3,3,1) lattice=[1,0,2][0,1,2][0,0,8]
245 linear=1 cells=(0,0,0)(0,-1,0)(1,0,0)(1,1,0)(1,2,0)(1,2,1)(2,2,1)(3,2,1) lattice=[1,0,7][0,1,7][0,0,8]
246 linear=1 cells=(0,0,0)(0,0,-1)(0,-1,-1)(1,0,0)(1,1,0)(1,2,0)(1,2,1)(2,2,1) lattice=[1,0,7][0,1,3][0,0,8]
247 linear=1 cells=(0,0,0)(0,0,1)(1,0,0)(1,1,0)(1,2,0)(2,2,0)(2,3,0)(2,3,-1) lattice=[1,0,1][0,1,1][0,0,8]
248 linear=1 cells=(0,0,0)(1,0,0)(1,1,0)(1,2,0)(2,2,0)(2,2,1)(2,3,1)(2,4,1) lattice=[1,0,7][0,1,3][0,0,8]
249 linear=1 cells=(0,0,0)(0,0,1)(0,-1,1)(1,0,0)(1,1,0)(1,2,0)(2,2,0)(2,2,-1) lattice=[1,0,1][0,1,1][0,0,8]
250 linear=1 cells=(0,0,0)(1,0,0)(1,1,0)(1,1,1)(1,2,1)(1,2,2)(1,3,2)(2,3,2) lattice=[1,0,2][0,1,3][0,0,8]
251 linear=1 cells=(0,0,0)(1,0,0)(1,1,0)(1,1,1)(1,2,1)(1,2,2)(2,2,2)(2,3,2) lattice=[1,0,7][0,1,7][0,0,8]
252 linear=1 cells=(0,0,0)(1,0,0)(1,1,0)(1,1,1)(1,2,1)(2,2,1)(2,2,2)(2,3,2) lattice=[1,0,2][0,1,5][0,0,8]
253 linear=1 cells=(0,0,0)(1,0,0)(1,1,0)(1,1,1)(1,2,1)(2,2,1)(2,3,1)(2,3,2) lattice=[1,0,1][0,1,2][0,0,8]
254 linear=1 cells=(0,0,0)(0,-1,0)(1,0,0)(1,1,0)(1,1,1)(1,2,1)(2,2,1)(2,3,1) lattice=[1,0,1][0,1,2][0,0,8]
255 linear=1 cells=(0,0,0)(0,0,-1)(1,0,0)(1,1,0)(1,1,1)(1,2,1)(2,2,1)(2,2,2) lattice=[1,0,2][0,1,2][0,0,8]
256 linear=1 cells=(0,0,0)(1,0,0)(1,1,0)(1,1,1)(2,1,1)(2,2,1)(2,2,2)(3,2,2) lattice=[1,0,7][0,1,7][0,0,8]
257 linear=1 cells=(0,0,0)(0,-1,0)(1,0,0)(1,1,0)(1,1,1)(2,1,1)(2,2,1)(3,2,1) lattice=[1,0,2][0,1,2][0,0,8]
258 linear=1 cells=(0,0,0)(-1,0,0)(1,0,0)(1,1,0)(1,1,1)(2,1,1)(2,1,2)(3,1,2) lattice=[1,0,7][0,1,7][0,0,8]
259 linear=1 cells=(0,0,0)(-1,0,0)(1,0,0)(1,1,0)(2,1,0)(2,1,1)(3,1,1)(4,1,1) lattice=[1,0,7][0,1,7][0,0,8]
260 linear=1 cells=(0,0,0)(1,0,0)(2,0,0)(3,0,0)(3,1,0)(3,1,1)(3,1,2)(3,1,3) lattice=[1,0,1][0,1,4][0,0,8]
