(2,2) z^2-1, (z-1)^2-1: 6 pairwise disjoint certified points
    -0.316496580927726   -0.288675134594813
    -0.316496580927726    0.288675134594813
                   0.5   -0.405232726187181
                   0.5    0.405232726187181
      1.31649658092773   -0.288675134594813
      1.31649658092773    0.288675134594813
(2,3) (z-1/10)^2-1, z^3/8000-1: 10 pairwise disjoint certified points
    -0.855314266930696   -0.493838811348016
    -0.855314266930696    0.493838811348016
  -2.00242741797051e-9   0.0990146610532407
  -2.00242741797051e-9  -0.0990146610532407
    0.0633663543659502   0.0365845810612367
    0.0633663543659502  -0.0365845810612367
     0.243369501504361   -0.140509297178975
     0.243369501504361    0.140509297178975
     0.848664252860754   -0.489954351365719
     0.848664252860754    0.489954351365719
ALL PASS
