247 29
277 21
967 31
977 23
1211 61
1219 59
1895 119
1937 23
1951 43
1961 53
2183 95
2191 125
2911 37
2921 27
3029 39
3641 29
3649 81
5095 177
5111 175
5815 93
5839 27
5849 63
7271 63
7279 29
8177 31
8743 43
8753 31
10931 109
10939 111
11681 83
13841 359
14099 343
14561 83
17489 31
17503 59
17513 73
19679 453
19687 341
26239 49
26249 35
30881 41
32801 131
32809 37
45919 667
45935 489
52471 125
52481 101
52495 35
52505 83
65621 37
65629 83
75919 57
78727 55
78737 39
81761 87
84785 43
98411 177
98419 175
104993 107
124669 1573
131239 107
134522 151
146225 43
157457 39
157471 75
157481 93
177143 1295
177151 1715
236191 61
236201 43
237173 63
295241 45
295249 193
411407 3379
413335 3017
413351 2003
470455 63
472375 157
472385 125
472399 43
472409 103
590471 103
590479 45
708583 67
708593 47
787279 2621
787361 2573
806963 3065
807043 1771
885731 257
885739 259
944801 131
1023569 407
1102193 407
1121921 5965
1180961 131
1381747 7471
1394695 7463
1417169 47
1417183 91
1417193 113
1518403 7597
1594319 6627
1594327 5043
1790117 8587
2125759 73
2125769 51
2128685 75
2207525 183
2361919 3923
2362001 3945
2420969 3453
2421049 3431
2532161 121
2653564 77
2657201 267
2657209 53
3720079 9147
3720095 6027
3725927 13649
4251511 189
4251521 149
4251535 51
4251545 123
4257367 75
4257377 349
4263209 403
5235413 85
5299849 403
5307131 77
5307139 349
5314421 53
5314429 123
6225439 57
6377287 79
6377297 55
7085839 5977
7085921 5995
7262987 3793
7263067 7021
7971611 357
7971619 355
8503073 155
8514737 435
10090099 25227
10097389 24153
10614259 435
10628839 155
12754577 55
12754591 107
12754601 133
14348903 19843
14348911 25849
19131871 85
19131881 59
19140629 87
21257599 8533
21257681 163
21789041 165
21789121 9021
23914841 61
23914849 353
27634985 527
29760751 527
33463295 54023
33480775 44301
33480791 34829
38246263 87
38263735 221
38263745 173
38263759 59
38263769 143
41983919 60265
42515359 163
42515441 1367
43577999 1367
43578079 165
47829671 143
47829679 61
57395623 91
57395633 63
57632801 143
57869969 71
59521505 171
59603153 375
61810673 67
63772879 12105
63772961 12075
65367203 7383
65367283 14109
71744531 469
71744539 471
73048975 67
76527521 179
85030721 1935
85562081 88383
86624801 86007
87156161 1935
90876401 96877
95659361 179
