n=1 trees=1 candidates=1 universal=1: {0}
n=2 trees=1 candidates=1 universal=1: {0,1}
n=3 trees=2 candidates=1 universal=1: {0,1,2}
n=4 trees=3 candidates=2 universal=2: {0,1,2,3} {0,2,3,4}
n=5 trees=6 candidates=5 universal=3: {0,1,2,3,4} {0,1,3,4,5} {0,2,4,5,6}
n=6 trees=11 candidates=9 universal=2: {0,1,2,3,4,5} {0,1,2,4,5,6}
n=7 trees=23 candidates=6 universal=1: {0,1,2,3,4,5,6}
n=8 trees=46 candidates=3 universal=2: {0,1,2,3,4,5,6,7} {0,2,3,4,5,6,7,8}
n=9 trees=98 candidates=7 universal=2: {0,1,2,3,4,5,6,7,8} {0,2,4,5,6,7,8,9,10}
n=10 trees=207 candidates=8 universal=1: {0,1,2,3,4,5,6,7,8,9}
n=11 trees=451 candidates=4 universal=1: {0,1,2,3,4,5,6,7,8,9,10}
n=12 trees=983 candidates=4 universal=1: {0,1,2,3,4,5,6,7,8,9,10,11}
n=13 trees=2179 candidates=4 universal=1: {0,1,2,3,4,5,6,7,8,9,10,11,12}
n=14 trees=4850 candidates=4 universal=2: {0,1,2,3,4,5,6,7,8,9,10,11,12,13} {0,2,3,4,5,6,7,8,9,10,11,12,13,14}
n=15 trees=10905 candidates=8 universal=1: {0,1,2,3,4,5,6,7,8,9,10,11,12,13,14}
n=16 trees=24631 candidates=4 universal=3: {0,1,2,3,4,5,6,7,8,9,10,11,12,13,14,15} {0,2,3,4,5,6,7,8,9,10,11,12,13,14,15,16} {0,4,5,6,7,8,9,10,11,12,13,14,15,16,17,18}
n=17 trees=56011 candidates=14 universal=3: {0,1,2,3,4,5,6,7,8,9,10,11,12,13,14,15,16} {0,1,3,4,5,6,7,8,9,10,11,12,13,14,15,16,17} {0,2,4,5,6,7,8,9,10,11,12,13,14,15,16,17,18}
n=18 trees=127912 candidates=15 universal=3: {0,1,2,3,4,5,6,7,8,9,10,11,12,13,14,15,16,17} {0,1,2,4,5,6,7,8,9,10,11,12,13,14,15,16,17,18} {0,2,4,6,7,8,9,10,11,12,13,14,15,16,17,18,19,20}
n=19 trees=293547 candidates=15 universal=4: {0,1,2,3,4,5,6,7,8,9,10,11,12,13,14,15,16,17,18} {0,1,2,3,5,6,7,8,9,10,11,12,13,14,15,16,17,18,19} {0,2,3,4,5,6,7,8,9,10,11,12,13,14,15,16,17,18,19} {0,2,4,6,8,9,10,11,12,13,14,15,16,17,18,19,20,21,22}
n=20 trees=676157 candidates=20 universal=3: {0,1,2,3,4,5,6,7,8,9,10,11,12,13,14,15,16,17,18,19} {0,1,2,3,4,6,7,8,9,10,11,12,13,14,15,16,17,18,19,20} {0,1,3,4,5,6,7,8,9,10,11,12,13,14,15,16,17,18,19,20}
n=21 trees=1563372 candidates=15 universal=3: {0,1,2,3,4,5,6,7,8,9,10,11,12,13,14,15,16,17,18,19,20} {0,1,2,3,4,5,7,8,9,10,11,12,13,14,15,16,17,18,19,20,21} {0,1,2,4,5,6,7,8,9,10,11,12,13,14,15,16,17,18,19,20,21}
