n=1 { 0 }
n=2 candidates=1 universal=1: {0,1}
n=3 candidates=1 universal=1: {0,1,2}
n=4 candidates=2 universal=2: {0,1,2,3} {0,2,3,4}
n=5 candidates=5 universal=3: {0,1,2,3,4} {0,1,3,4,5} {0,2,4,5,6}
n=6 candidates=9 universal=2: {0,1,2,3,4,5} {0,1,2,4,5,6}
n=7 candidates=6 universal=1: {0,1,2,3,4,5,6}
n=8 candidates=3 universal=2: {0,1,2,3,4,5,6,7} {0,2,3,4,5,6,7,8}
n=9 candidates=7 universal=2: {0,1,2,3,4,5,6,7,8} {0,2,4,5,6,7,8,9,10}
n=10 candidates=8 universal=1: {0,1,2,3,4,5,6,7,8,9}
n=11 candidates=4 universal=1: {0,1,2,3,4,5,6,7,8,9,10}
n=12 candidates=4 universal=1: {0,1,2,3,4,5,6,7,8,9,10,11}
n=13 candidates=4 universal=1: {0,1,2,3,4,5,6,7,8,9,10,11,12}
n=14 candidates=4 universal=2: {0,1,2,3,4,5,6,7,8,9,10,11,12,13} {0,2,3,4,5,6,7,8,9,10,11,12,13,14}
n=15 candidates=8 universal=1: {0,1,2,3,4,5,6,7,8,9,10,11,12,13,14}
n=16 candidates=4 universal=3: {0,1,2,3,4,5,6,7,8,9,10,11,12,13,14,15} {0,2,3,4,5,6,7,8,9,10,11,12,13,14,15,16} {0,4,5,6,7,8,9,10,11,12,13,14,15,16,17,18}
n=17 candidates=14 universal=3: {0,1,2,3,4,5,6,7,8,9,10,11,12,13,14,15,16} {0,1,3,4,5,6,7,8,9,10,11,12,13,14,15,16,17} {0,2,4,5,6,7,8,9,10,11,12,13,14,15,16,17,18}
n=18 candidates=15 universal=3: {0,1,2,3,4,5,6,7,8,9,10,11,12,13,14,15,16,17} {0,1,2,4,5,6,7,8,9,10,11,12,13,14,15,16,17,18} {0,2,4,6,7,8,9,10,11,12,13,14,15,16,17,18,19,20}
n=19 candidates=15 universal=4: {0,1,2,3,4,5,6,7,8,9,10,11,12,13,14,15,16,17,18} {0,2,3,4,5,6,7,8,9,10,11,12,13,14,15,16,17,18,19} {0,1,2,3,5,6,7,8,9,10,11,12,13,14,15,16,17,18,19} {0,2,4,6,8,9,10,11,12,13,14,15,16,17,18,19,20,21,22}
n=20 candidates=20 universal=3: {0,1,2,3,4,5,6,7,8,9,10,11,12,13,14,15,16,17,18,19} {0,1,3,4,5,6,7,8,9,10,11,12,13,14,15,16,17,18,19,20} {0,1,2,3,4,6,7,8,9,10,11,12,13,14,15,16,17,18,19,20}
